500
57997 68123
37911 70403
27214 14211
49697 39565
87081 40614
19459 34384
38174 7362
32387 79040
91699 726
75822 46870
44186 65808
4786 31367
45591 85532
67482 29221
33264 97407
52691 7612
81882 6953
78014 9095
21163 44062
48659 24595
84675 84469
58979 22849
8182 91365
18240 99880
8442 94061
63101 68979
76221 84239
16697 21811
86122 84178
67383 19385
97937 20073
43348 79818
27026 21361
5264 64540
81775 70275
89135 66449
54743 64465
89297 79277
72181 23889
95508 80623
34301 58609
65953 10521
59199 82650
48683 61672
83179 16065
81056 81115
52490 40755
60932 95867
62115 66196
60406 43889
36470 65892
26690 7564
30356 32338
86840 18889
56226 82348
15863 90527
57308 81815
17399 16506
80816 66082
78177 63995
98498 75584
45109 50987
32690 22393
46853 94804
88588 23611
55045 41409
5854 98086
48972 36210
30423 35812
71450 3001
18159 87312
93527 91818
69126 27277
8323 66294
93358 2851
30288 91856
94786 75396
59194 27475
97788 22399
38630 2727
62361 10026
44135 68214
24463 9459
20775 54886
45270 92224
57886 79780
79535 67764
71597 65013
95040 96271
31306 4750
15473 61593
12957 26610
53340 88502
70436 67480
10900 25417
86558 73260
51795 30693
57826 76257
40151 78600
47494 1772
70824 5379
97903 66710
89494 85851
31722 886
98473 79379
5635 13945
40971 34943
56906 10663
23444 43693
94494 50696
69109 81051
40307 37255
28095 98132
13512 84597
76732 61005
86368 63907
82736 622
30616 88581
86472 78690
89466 84944
58068 11452
15240 15391
46394 72145
42405 86190
32189 36898
36885 1298
17948 77191
54904 46043
75323 68415
30639 68406
45772 33359
48664 28507
33980 95631
17087 20452
74320 22905
21747 48740
34356 36987
80482 97102
25483 22886
83291 57672
59783 36527
75321 77730
13717 30224
40124 5391
14991 70763
90148 60762
4121 38811
5620 38100
34442 39058
74903 25113
78314 13002
90204 12670
49988 70685
26123 91822
9922 9413
65845 86056
45939 41165
63786 76007
87741 3909
81398 2731
91023 87897
79844 11495
26708 1815
49595 77501
57224 40849
2613 35538
53850 9169
64559 20189
96205 90681
28363 6127
16445 94207
92182 62383
51724 72319
54741 39464
92580 52490
58546 83602
40387 54741
95097 67094
56555 61043
60946 30130
18243 79910
65667 88445
89078 30225
24985 85283
20905 53347
7761 37349
63906 16294
16083 15629
88613 70824
71444 97544
39665 46341
97497 80051
1081 8945
63496 73987
86339 24441
4116 4582
4351 69783
9378 9780
16359 50714
11414 53616
20413 19174
90964 84318
51820 23399
16298 40432
10574 87741
54327 50238
50433 51823
46641 51513
60768 10136
41851 63458
50929 45966
84391 71631
32100 93768
81410 48459
60834 9176
2074 81246
28349 9389
65563 96520
49139 81860
36951 59712
85952 7629
26302 36384
59452 72942
4248 36571
99429 46098
16380 50357
8415 771
38339 56867
10890 36101
5325 71723
45276 23750
52968 89976
49490 18530
86496 98629
16741 39798
74692 19044
47427 993
71779 23230
90286 76026
76152 89715
38475 92531
56423 63242
93301 94762
20108 4191
30862 41784
75913 92489
81885 45233
82464 31374
63762 85311
46354 96855
25109 37398
32250 88887
54742 4029
28468 45028
96406 4619
51094 51233
13501 7516
14474 6802
18629 34581
27344 65842
92716 19608
58330 74600
64840 57146
22325 44954
42456 85031
58160 83916
38780 90409
72802 93521
10789 1269
54900 7195
22239 5993
58427 35740
13509 89252
58893 48489
40184 2588
14331 32899
38547 72660
23850 19739
46157 46174
81044 4965
47556 39203
88880 86335
45963 78034
96208 56752
95654 51107
63946 17893
57100 38724
69984 86960
44327 28876
51800 862
47815 66130
33760 86361
55142 73961
6099 1298
36486 87142
6262 84042
42696 95142
86728 88659
89527 82935
45410 85180
34042 25707
3072 7493
80782 89407
10804 41460
18282 62603
42321 66096
45085 92432
68809 226
66392 74907
1523 2877
78401 24137
3270 21096
35630 89998
9754 25156
72932 71515
26687 23325
13573 46111
47169 94354
35517 74324
52165 53799
53279 94485
36246 98363
86916 21406
98588 69659
96313 16462
72536 91065
56950 92157
12160 92579
82154 38266
34086 71438
26132 60773
11114 39705
6883 74635
50410 42399
48958 2575
12549 2236
97059 65147
598 327
86552 15537
69985 99216
48351 58872
90280 5300
51029 18792
97879 49534
73409 48316
20971 99540
9088 48437
55596 15970
23071 6006
74721 72028
8580 3621
90616 21990
68767 7565
22316 71671
23102 8653
70886 71452
67524 77518
76751 18552
12661 90981
68086 86069
39297 5408
1960 64736
53844 57556
80706 76914
63561 71778
65294 88492
75398 55909
26833 60517
63473 65501
32187 2926
74153 19424
90729 41676
13293 67480
76580 42305
74812 61017
44725 30460
66424 46685
95196 36620
20592 92253
29885 84152
64030 11530
88995 55779
67438 15827
32647 47263
97679 81185
66540 71831
609 57269
29859 30253
41100 22790
72558 15911
83806 17282
46371 66581
80318 57918
3200 909
50170 49437
1412 30551
60966 6758
86329 44756
38937 18976
92018 36615
160 58557
24798 17120
32177 54656
63725 73276
77445 52634
89187 77602
86267 51909
44182 66585
9826 63734
83845 76347
13170 85257
6897 74135
8366 93225
18890 47302
28552 27259
83917 45064
2168 8714
62183 34344
79721 42259
23972 73517
94892 13158
51118 81159
81418 11651
64095 7595
75384 64291
83941 4905
49547 90837
95392 74265
413 14281
21566 28965
57892 21834
74028 76411
30547 52562
27106 26619
94821 51077
135 6064
80586 67604
3574 62003
79255 84020
69597 70990
48311 69889
75895 14209
60725 71286
88473 61138
1918 10039
6454 76161
31872 80481
52571 78771
49394 79677
5389 60566
47105 21876
66630 27691
89479 70203
6045 85085
70575 75642
56075 18885
61882 31969
33093 22607
19606 21566
96 21523
47956 6549
97684 79827
87029 66606
74949 52774
62634 96690
13340 9739
18565 79969
53781 24395
66523 59825
9480 37097
51818 81906
55981 13700
13874 5426
36306 33479
26991 52753
71353 74946
59301 85388
71124 62681
68346 46073
15454 30979
42762 28793
57069 77678
8761 10849
2072 91636
70674 27903
45084 22491
9808 1065
52542 40033
22842 5199
89863 49832
57951 61216
41129 17251
62955 12252
79931 31300
74676 11737
78631 17437
40529 35699
11466 65642
46548 13538
57277 33573
