1086
24815 71728
88639 58954
18511 44819
9736 63209
30268 84852
96109 15158
33767 6144
10164 77860
60103 96621
73263 85562
47441 78382
48048 28853
29362 42955
22906 69791
94220 95772
72805 19034
83851 61444
94340 2361
22614 20427
81922 52882
5278 78030
84391 39044
526 94554
33255 76980
7526 6517
62541 54966
1250 10589
170 46963
53543 23076
16753 64114
35199 5910
83147 19049
67353 93838
37761 89966
14264 19682
59199 19541
14064 43589
74936 14589
54495 8190
91568 78372
31058 54109
33338 32308
81049 49859
79270 50943
72934 12375
15056 24484
34636 14554
43532 18340
8392 97645
24657 22655
17326 83856
58548 47741
43796 33483
62329 14642
58025 70249
93014 89082
24357 42703
37741 21757
92561 33363
72699 81847
62089 87754
6330 96724
2307 66214
15063 10698
63858 39719
49705 97535
39926 8252
45276 83722
58086 23956
98363 16110
94204 7728
21544 34912
50430 75636
56668 42991
8998 29366
24837 71086
33471 47518
67809 52130
30083 82871
79179 93940
38942 28883
7827 78867
53486 69454
62588 11572
93409 77303
44033 87613
85030 65576
22524 51812
41212 95544
94802 66561
24909 35990
37647 74732
99859 21807
26861 29942
21030 22391
40233 59971
51274 48059
38837 4759
17512 17777
32682 10921
11431 76715
14885 96460
42290 37408
64623 99853
32951 75776
66414 74212
28117 20412
65295 27976
58570 8507
74269 79599
30897 14501
39569 98522
78912 94758
19633 12775
12534 52314
23695 40316
45380 54931
36775 87670
8691 17750
3874 57993
93525 86639
32204 21642
23402 13850
49617 81972
22356 40237
61570 69605
54737 17491
84478 33648
12248 4110
46423 41133
72776 86469
81448 18155
57752 34574
22176 66442
52323 42402
24434 62200
29040 72990
83841 68794
86839 49809
50765 25547
90045 12334
11503 61133
46176 95980
11133 74775
16442 73907
15907 5569
60375 13706
40075 34478
64632 62251
919 33306
21004 25353
95505 66395
98342 95697
35188 1532
45505 85952
43430 51901
14638 54932
13034 60813
50912 40518
35588 83705
14424 67846
89273 91150
97904 29347
25628 62535
7949 26546
12192 28952
68250 24049
95347 82943
19745 30534
84475 81602
32838 44256
49854 47475
99188 79239
8287 66451
19756 60226
50155 34179
28072 55779
25329 25975
85125 50956
4861 9426
93853 33404
38377 62103
57452 50075
45045 93549
96961 45871
75150 29798
90127 25003
77272 5666
4242 1910
72116 23997
62136 38622
74528 90207
94400 99856
32533 95876
67163 53745
21653 61015
87148 60030
23117 60952
26456 84514
54500 23416
46736 29649
53213 53214
71003 30484
58879 91596
48746 47346
31945 10881
2319 6472
17439 13070
6327 66323
25298 73489
20067 46950
50855 23566
6979 73972
84517 49787
74837 39016
73202 21572
85016 26415
91138 56019
73250 50016
63966 21995
13714 95910
32875 32384
2381 66665
45454 25059
32987 70751
14899 53053
17700 65754
92971 41031
56077 77487
90817 30913
32855 64018
68836 34222
6784 59973
6592 96386
26341 70558
18380 40054
66467 67607
88789 85200
34271 34242
26610 83610
4992 41509
53014 39044
7262 45984
96426 79690
39823 87242
10602 72677
67611 79437
6898 90747
55762 13490
87132 82102
399 5511
38507 66865
89469 27295
68416 23740
61537 95026
23701 82880
36534 76714
38275 60147
22698 34700
39836 62520
21941 66789
51548 5904
62577 74797
96650 18338
4638 83781
16791 5036
5643 55297
88253 95112
82592 56668
35203 60480
51693 58903
59711 4578
35616 97986
81076 74665
32685 37263
37184 70978
20403 88731
76881 82980
79880 89882
17669 84517
73662 34460
89553 95656
89756 77805
90767 88699
34472 42321
49178 2517
17575 25241
23446 53191
23226 20874
27855 72262
58136 81391
43239 78539
86473 36471
77870 66352
26352 95538
50869 16365
46349 40421
12021 36105
34577 19139
41155 69048
61460 6685
87916 79034
31925 27714
48576 55150
48587 92783
27411 23074
74173 70650
17964 60645
23472 95833
43349 49824
7723 94217
66188 54071
50989 78208
6527 85565
13699 47682
70964 91510
54366 58880
86895 86290
2945 35471
57791 51531
44605 85201
74604 18777
72202 8920
95773 12026
4752 55473
61849 28826
49689 28036
99249 677
22596 5775
2593 52646
69808 73557
44155 40525
48788 31049
43166 51732
82871 956
19614 27475
2509 10569
62603 91062
19488 58376
3087 40592
13848 64935
69417 79889
9323 68665
96917 48270
90792 99510
17267 60599
89418 61421
17476 54557
92469 60641
6288 91692
61597 42253
19166 80457
52821 81769
71518 72309
56496 90957
12900 86695
72243 98668
82935 81565
67333 79852
46186 74476
95713 63452
51426 1482
41224 68901
56038 50045
29542 78677
41736 7490
20929 60901
4298 90101
59021 75815
78761 15516
83123 8012
18563 55366
6680 1497
36930 90364
81348 99468
64839 93412
79271 32616
94893 20495
1517 67282
86891 47410
45958 28626
71251 83238
5878 75548
73339 64899
67714 52099
96766 50837
60111 15328
22554 83142
16825 75835
73505 14524
75302 54695
24288 70925
87310 19180
91419 5178
86462 94661
68939 48771
23286 56541
32009 29163
48440 21699
10413 32506
90149 7179
99694 66611
38858 22247
49752 55682
98081 39608
86558 73383
94302 10845
60659 97964
46376 68429
19493 32837
63089 4784
97960 86374
61324 46320
31888 26116
68018 42301
58621 58166
65831 58314
24777 4688
80560 90880
76722 78640
30488 63279
68374 41141
74123 29032
55456 20498
13812 74949
69687 76900
96084 67646
63273 57407
30317 11513
83522 98334
53813 58494
72851 19643
16807 13979
40682 13718
21211 17403
8710 51698
80681 77083
9190 71155
22467 64646
91653 36278
55946 77691
29530 52029
61688 92802
25787 92004
20666 25661
6689 74478
84154 79539
10472 17313
9870 67506
31030 31080
84908 39739
99129 81941
33174 8318
53095 71992
89315 61099
24621 45260
38789 54150
13640 16828
63304 39427
8831 83969
81439 31871
74799 65592
11410 1622
99256 37631
69127 30286
68710 54035
70024 84190
35975 19549
92507 5421
91540 81822
66520 16161
43433 5308
86662 73425
38488 49965
29203 47318
33934 10641
79189 25084
92584 6950
26705 91840
60932 95832
38477 45993
49866 24852
30182 2192
44401 22688
7612 52292
20861 74131
68452 80646
95791 55114
54070 34278
21430 83272
97947 71715
10264 93487
96798 2847
16788 23503
11038 77719
19334 49514
40063 85551
74366 70244
87742 18766
9284 11705
71057 46496
85836 55861
27141 97978
27326 97562
48607 65107
97185 62905
36822 7448
56392 33619
26647 89531
57121 37684
83602 92806
87198 23664
78356 77915
93908 82449
13032 19543
94154 84088
66038 96341
56300 93179
10670 99977
90740 59276
65084 4277
38532 1905
11724 94923
35523 38370
806 8996
92406 84407
18153 79603
24422 96509
73869 34681
95309 86900
54223 89462
87339 20261
2154 43639
13439 12823
43615 20530
88450 8698
24806 26982
26954 52882
38256 78829
7603 55413
4176 8
39819 22328
79610 80593
35188 53478
15273 30497
56729 69496
36310 44068
89756 38464
87706 19546
67638 47672
56427 72440
72722 97585
99421 99675
50466 54028
78503 58068
9441 82678
74428 65611
21358 54037
46203 56545
23867 61476
87041 80595
47323 23351
41014 37078
78166 28719
72975 45803
92743 29401
34594 65464
43337 50366
65138 10154
4394 59993
84574 30186
59022 59001
95796 80379
29389 58351
36924 69607
19826 40316
66554 83500
63666 7567
20577 58183
36286 9903
20338 29028
55655 54931
10843 98992
5297 75980
25497 26042
52324 10070
56227 27698
69070 52022
24428 14811
26724 61351
84417 62901
18019 50970
46400 98036
58537 83328
56219 11174
93230 76556
40201 48885
47838 51043
64228 53134
43374 89724
79175 12050
99794 35401
39747 85215
3775 64174
25 30498
41877 794
9751 59895
51763 56150
74282 10299
39478 30500
21472 32707
23407 78024
97943 71245
45418 62170
24378 5144
51894 19905
33545 68039
55305 73291
69605 75431
53816 85982
22281 12044
86775 32031
88290 38537
88180 62572
65188 27657
93071 3011
76716 16478
97387 74658
4074 59156
53180 28451
64299 21425
48355 97843
89463 20012
87485 75419
95442 57653
61400 17722
69696 64526
49752 74338
3063 54284
36909 84602
98292 29979
87612 75007
62808 84998
66017 66881
44154 19196
11684 24804
40620 60038
38999 46434
96401 42835
38204 91843
487 99604
25916 86535
64129 92020
60872 83543
62655 14132
68144 60946
44110 55756
35953 23270
57105 18321
6502 17610
37516 18185
42414 94487
94575 97764
40920 7327
40598 79123
99169 57437
95078 41437
60323 75559
49808 21194
59101 12462
51677 43597
73407 95786
15704 25711
35407 72808
44031 58261
90418 97898
76445 49183
92384 87371
46946 49655
94698 3895
45130 10218
61331 40207
68006 21653
32117 17813
59198 7570
46626 10874
51166 36385
23012 66869
62095 74770
39676 22478
33030 46445
36727 25827
11979 29111
29549 58924
95117 24246
62819 40246
50816 40501
96805 18821
62154 28921
52986 37703
52842 99611
48577 4007
52347 87940
70875 14442
62709 26903
53271 95739
89699 89997
37917 1678
35459 67465
60601 30576
91711 39771
70821 58878
80272 83977
94050 58777
29250 47035
96479 82091
62998 61407
86098 15344
65698 73324
46137 28407
16578 15759
40497 6277
5756 78413
7954 41214
62229 84906
88141 53939
24677 58962
29168 21300
59290 23218
96428 88539
86604 9258
86982 65953
70665 89431
81297 36362
62754 43785
81120 79332
59544 37968
1960 81651
16380 9913
22864 78609
94818 11005
48899 35846
86318 94419
57145 61959
17636 53572
66850 20591
62830 53831
86544 49846
59613 84192
2559 38718
44328 31
34401 3871
37998 36360
85521 70730
46272 24737
65690 41090
52093 30940
76935 54762
25358 50432
16720 59345
4003 99921
79936 83184
53751 82831
49381 29715
67022 51940
68433 27701
51970 2833
31572 6319
39193 33444
77048 85464
74532 42737
42905 26624
73677 36192
97737 99034
86623 14457
74731 6977
14377 54666
6513 84480
53848 55893
14194 37221
24184 98978
64921 92505
1811 12844
98824 41003
46288 75871
42818 37171
34960 85723
80147 8636
21914 77883
24021 8536
8691 15103
31864 39420
69768 38376
40251 39967
94269 54444
77187 34804
53422 42108
27309 71584
54951 42484
12586 17590
18354 55403
71113 69665
57477 51259
94652 79390
29141 35025
4277 54184
50127 36141
93603 36247
90868 33853
76213 85136
4648 69752
19940 74421
11859 63600
46004 83161
6083 74941
17103 40788
46696 88215
10453 4172
55825 21456
99914 84965
56480 4190
55500 6607
56682 49102
59205 47550
99306 35417
49037 3954
5168 85328
94726 33378
48927 40730
32891 55009
32022 49993
12149 78717
54559 22601
82889 10383
44056 99154
11699 16888
3343 67199
39846 76377
32652 99050
40278 31958
34466 89314
52263 55986
74642 46988
5715 39920
4069 38605
11281 52443
4949 23429
31159 59507
46029 30399
86241 6436
29552 14292
39675 49247
81490 79520
25623 30493
78569 65900
62450 29387
71565 31064
85372 46206
94404 7438
2478 14824
46043 13758
67266 50991
37186 98425
26850 99566
45175 29442
6001 74727
43733 45676
23973 41574
41547 65947
72067 20116
48198 50868
49502 19762
81932 51225
82320 92687
75014 84797
7510 21056
98554 74776
88399 35739
89552 31600
35304 34726
61041 57656
25804 21126
19683 66128
62699 61230
48426 51117
97697 96623
1985 63550
16385 268
31126 15056
9306 6139
16204 16815
43547 14757
7942 31945
66847 13845
79896 18502
64923 57288
92509 90726
78413 12192
56854 57464
89773 21631
8580 3821
18254 26916
67370 50990
27183 14847
66045 36488
20985 82248
69655 80883
13356 93948
12827 96554
7793 9074
15055 72715
66362 23915
63440 61126
52458 36645
18589 42230
58276 27169
62402 92881
54084 29771
43870 97619
44617 26266
50458 81954
24865 36464
62836 54572
30412 92015
51125 38204
17440 82531
10918 83801
6445 90709
44927 58903
43706 63515
17484 18333
7035 79886
11213 77471
26008 71434
75089 86977
97699 41898
85282 38915
78362 64469
93486 8773
56483 60962
46976 73923
59844 74245
74075 66288
81305 35353
41542 25010
15220 75378
43342 22254
55263 70906
16076 97622
42339 7516
84598 56389
49414 86231
11655 27775
50700 21492
52899 7182
82453 16226
97456 42296
90470 87883
24936 71774
23235 66477
13136 38454
58206 56477
77060 13468
43735 93135
27442 2425
17003 28391
75166 66416
14622 86820
10542 65321
8312 63440
88854 90764
96017 86310
49412 86486
90544 74347
74611 13778
57175 87746
68584 15381
60575 61995
45200 20661
71481 72641
23085 88483
1032 98250
54898 15653
85070 81791
97325 9733
61582 86178
496 57598
72487 66259
60435 63030
40605 51398
93160 14132
39143 61743
29512 16069
40089 74711
36729 11569
63704 76166
52 81087
74415 71301
13091 75836
69444 10415
85568 31025
96592 2416
4975 85431
68674 81761
64812 25631
33158 57971
39762 88653
36065 85625
4721 76153
76687 57802
87722 40390
33967 4125
37828 24733
91777 50918
569 61220
61332 86136
92245 74276
4903 13571
59706 73577
95331 24517
99207 28489
98840 55320
33493 34904
40944 54565
27409 17630
12366 15130
58020 62684
35606 95847
87417 27382
63117 4337
88602 24448
6824 97198
98723 11727
27120 74780
1655 22450
99297 17213
67290 98136
72532 17134
49391 13475
71699 76799
31104 84064
91928 5475
63100 43885
17674 66868
71267 80790
71204 76220
21589 78027
89769 36664
6105 16888
11443 7759
55689 27091
24971 22979
41578 13854
40112 90969
27328 28162
67767 74784
12226 76047
96610 91677
19931 14283
58544 7549
11424 29747
83768 49365
24125 89888
2380 46582
6775 30174
70692 62464
57265 95663
1794 98842
9516 58257
6162 53196
86419 73929
27979 14996
49975 40940
6672 86257
71575 65215
93806 99350
11313 93925
48714 51789
83813 67445
14722 90587
97619 85414
69402 71235
81076 71195
86428 6943
29452 92590
76490 15870