1000
39377 12614
83697 11948
56406 64482
56879 15623
41992 17330
58205 79170
4484 63815
15199 79664
50776 91173
21547 42150
3800 27908
5310 34303
97633 83570
61796 40948
48487 25025
62926 4215
37639 62974
32515 10396
43807 89393
42370 85798
6722 575
81319 27558
80741 12869
7221 31516
4042 28767
90017 24193
56674 95326
58495 70659
95248 36642
11606 43734
61666 90883
47948 15656
70208 80462
26051 14014
86207 68421
16164 9280
85347 97482
36837 82439
26703 44057
30306 30744
89175 20322
54936 62201
32000 29782
32859 27247
66423 44464
87332 28088
51698 51631
43744 21905
48445 86146
35918 34651
70918 68433
43930 72616
65915 97119
55054 8969
41175 1711
39712 46702
22033 10999
8902 54032
40780 58112
97630 23554
18927 84961
51641 70624
36591 11736
92528 85035
14234 44797
36037 85151
13230 96319
74119 95496
93437 45524
4464 50963
47235 60527
97664 69267
71525 22917
39650 28656
81028 37279
68561 99954
38591 36553
70577 91533
48289 63104
92920 78874
24253 45308
80376 37482
41626 54494
49329 35062
18 53792
86025 47252
14318 40
32870 2194
22957 72519
47201 3984
26149 15761
3938 81091
52313 74514
72623 16953
53970 81894
95826 94574
27202 76202
32055 68827
47047 97735
20241 47064
51526 22617
10667 82195
22656 43536
740 61964
32406 47940
65948 74906
80052 86237
55996 48716
77102 44971
82021 47423
43216 94198
41996 70417
70399 90402
55596 33798
88136 75836
80861 56013
14804 91528
38207 53811
51415 38946
15775 173
3237 98074
75078 99640
662 31074
64708 77763
92396 63080
25186 35611
57277 83533
22380 44028
90287 77975
77825 78422
70162 58685
50787 1317
66564 88993
55127 34331
44291 87253
34503 63879
85326 9580
79871 2339
57005 60930
80102 65752
24009 21639
1363 81285
21523 40094
25312 11809
18068 3136
90231 4581
78173 57369
5897 61088
46361 77375
95418 7003
64628 46272
87234 66305
72204 83456
68644 29208
44385 48745
11312 68393
86735 29026
49677 8257
69119 91341
20066 3538
10828 26648
8118 89000
84016 30366
50088 46728
7740 61857
70083 88719
8129 73668
55024 80332
57123 23667
25891 1507
88763 37202
86251 91849
66227 35927
105 51697
43619 36522
55234 54447
79521 79703
43446 79888
10068 9885
42968 34160
88094 13050
22878 96222
3069 77901
92905 60191
17919 35147
78049 23033
88701 64299
14881 71279
16577 31338
22976 60196
84211 78209
14642 63732
57912 74439
43619 84331
676 86586
18490 88769
15987 57720
1342 19055
35620 94246
95597 69891
45744 73645
92923 34444
54295 24156
5723 70872
55493 28698
47419 39703
23258 62060
3434 97521
52850 63405
81852 53525
66342 16693
42293 98681
74412 43634
34087 26384
54231 29684
96274 99975
19680 5548
50770 90327
29703 56492
77550 85195
1541 24968
41250 24799
3379 61035
22319 56228
40791 20522
9753 7133
37215 52045
22165 11626
12031 56251
54361 82613
2286 50634
82587 38318
56182 33357
28644 2236
6200 6193
87431 7741
31160 45032
32539 34538
6066 71209
7117 46857
91731 16869
70341 45297
85266 92505
73274 13648
48755 27635
96260 67393
78268 78847
5710 50801
28555 50705
53037 34754
56897 56819
42494 4408
1850 91384
55297 24267
62593 62413
71123 70675
95634 41463
15971 80899
50319 89244
94546 99074
33230 90805
66466 11498
86003 88527
78650 30909
39231 48038
65663 12479
21208 24508
16886 23057
32244 88534
63676 11188
67298 51150
98214 62931
92613 14184
60181 59283
19779 71078
58356 53009
78235 41173
80858 64237
29699 75859
95146 85281
23897 77160
97759 45104
18019 30996
84513 66614
19529 48188
77801 3179
99337 76014
66109 8301
6549 42642
67584 42680
13719 42291
95688 91953
99816 92897
56190 45866
68755 67687
31147 92651
61198 28905
54107 79216
76253 38619
62182 12133
3158 39982
15311 2494
32348 81420
27147 38896
24061 11082
81575 54131
53372 93614
46084 53187
86510 18625
99053 55265
86311 30199
64267 63860
75455 18373
59427 51707
73343 21608
80192 76500
61590 95502
95346 93937
93273 22492
49184 17333
33573 47111
87816 3296
40724 33899
56483 27234
52523 71887
98850 38833
18437 63116
19044 93891
97841 78470
61950 71183
78 42141
47683 61667
53994 43028
71955 47267
81871 37490
80951 15443
84600 68766
18738 41676
2664 91572
85261 55186
63458 84110
10370 98246
63577 29413
8489 61417
7883 70438
32600 7960
28930 96634
85978 99275
39661 74284
46541 37883
28125 27492
53325 29077
12609 88414
70752 15273
96338 56012
86810 76147
40121 13532
74393 20049
42944 82881
81466 67178
69670 30417
91489 14951
43402 93818
14225 83062
84453 60766
37296 12578
4609 90620
41654 17217
95385 12405
48841 91722
84768 35651
84221 24888
49182 58613
61288 8477
57845 42753
92007 27514
89521 83495
42464 32922
77313 73040
32335 61765
50157 69630
90694 54765
76601 48699
88334 88338
61103 53526
96411 62222
5528 80631
3461 71061
39243 64749
79538 13439
23853 71544
40952 13374
71390 99767
62647 48702
72807 11334
26819 22963
80963 33864
94080 73916
82563 98765
62253 60017
52290 58663
22239 57818
55646 25699
28878 11240
90447 24767
24679 30652
12662 65630
44025 84052
65397 23023
49105 54555
34356 92275
93869 31671
26139 4300
21938 25053
3064 84190
1421 71706
59204 23659
45875 14849
65710 91104
26089 72508
15871 50767
3159 28532
32748 63535
28935 14496
2910 78040
85402 37265
86666 79271
85287 12804
83570 7224
54208 2986
7765 55629
74691 83321
95639 20565
14521 61348
11668 56961
50208 43890
7727 53366
88774 56827
33253 17708
71322 36162
95747 56724
89778 98765
52346 91417
11568 35915
14992 82128
38900 39109
37756 29942
22429 33394
50506 36949
11094 78526
10262 61301
22415 17988
31018 11188
91166 64270
45248 78840
16783 57346
51915 22913
56110 4260
14329 84030
56526 29320
66157 11778
68428 3912
41719 7208
53657 8577
60509 81102
3454 70770
42402 25868
5109 73420
53408 96275
54041 98655
75114 87176
56000 27028
10088 12110
47639 24416
96139 4164
70087 78647
15941 38515
82558 57660
62074 52566
82588 22582
33668 86041
9703 92421
28260 14812
82192 81667
27438 36233
96673 18903
39760 52673
62282 49847
81134 9920
74262 93624
30435 60700
72270 46376
15566 71179
20387 77640
23744 2974
16573 73763
5366 42628
66184 33625
73791 48375
15292 1228
959 28316
36482 40718
80988 15115
6916 78473
41386 97529
72096 71820
58229 60717
34547 73794
31895 54933
67785 71991
74258 84358
45753 79623
26985 28288
13248 775
93015 44891
18354 93973
73206 71187
51043 70546
86301 74310
49018 27686
71839 37466
15857 30067
98182 50404
20212 46429
5336 87997
18419 95946
72354 80523
75568 15690
8811 5167
32816 1825
66409 67521
12149 39615
38707 63191
26512 25007
53853 91881
69044 25691
45698 84900
55757 60232
35303 92320
6660 56991
80316 25078
52936 69021
5600 44855
84710 30762
66374 33877
32586 32782
1397 44735
88748 40103
24277 15259
81461 78129
7140 66856
20171 52837
51756 92279
13068 3410
84599 36079
76752 64914
77508 46039
33935 99460
90894 34996
30221 57267
68873 79159
6400 70269
23893 95148
26724 64521
10406 24536
59002 33897
7744 79172
3086 75851
71451 16153
79260 56049
68584 72364
37314 46091
18402 71248
45550 9295
22596 75771
82913 91468
54929 89313
78088 95173
84460 21163
76045 11217
62051 35046
45114 69794
30570 48199
45644 18372
80703 41255
90772 49286
13618 28085
95377 32020
15685 40926
41314 38280
33048 40579
46099 87976
46243 24186
99500 30702
61701 75545
58270 23751
26942 3383
93544 73863
67933 39187
8586 48636
80441 99357
14273 10411
43794 9649
42430 59478
66927 95
14109 99974
40673 60207
4302 86915
744 20153
33968 62444
95697 92238
86194 38991
11972 96089
29205 79905
51627 37791
44892 48420
37147 59164
58830 97292
85165 1259
56769 52091
17705 87229
68416 58378
47435 72717
61644 48179
92870 11964
26974 4918
20553 29520
60260 32524
25608 89465
28780 93587
43607 73671
42006 80753
49187 17187
78045 34351
34797 51165
86441 52501
38394 54856
27230 2180
43925 88874
50358 36794
837 93684
58063 21389
23203 18323
70264 48810
24139 99044
58748 67745
89066 753
64849 38252
17939 59245
88954 69087
10410 91746
21588 65155
46602 48817
83686 6878
37690 50396
60023 54878
44079 18085
92618 67281
52759 79234
32442 76897
94629 91190
44641 83694
8294 25842
38298 42585
85086 27251
11671 11847
18997 33258
93353 81950
82075 77039
88827 36116
27434 48849
7346 71512
83285 16315
38792 36044
95548 87585
29292 90176
78774 90285
90222 87068
16126 44871
29652 1211
88473 41322
29410 23821
90932 22762
5770 73006
99800 10948
25473 27233
76148 32818
15096 75785
49133 70239
11828 61032
57824 57471
67560 52949
47755 74133
40016 80232
19003 86019
97795 7475
43693 27204
31296 34624
49965 53417
23981 66117
64365 49453
9701 56864
82271 24797
32648 47755
95035 60827
25138 69210
18298 92697
22159 82404
66829 78526
62636 2183
64545 60430
9658 24589
87633 57305
59212 53949
10721 83192
20065 91437
32644 29766
48301 31266
70914 97300
95372 82300
58127 20510
51510 92776
29558 73668
75179 12739
52193 37814
14921 33089
98243 40930
57677 85875
98234 16888
39824 25307
16431 76240
33095 65427
22357 97747
13044 93270
95047 8416
75570 69525
45277 27079
62300 74834
17098 37478
3924 69290
75292 18845
2379 73534
76126 76407
75761 90712
93295 31936
16018 26077
8175 65464
91503 46884
63211 4547
40153 58257
29314 32074
44133 74590
75504 6432
65775 92601
43909 69699
78243 35552
88543 96973
25438 81020
73379 1198
71731 83025
49485 87748
9102 74011
69564 16956
20894 32774
21502 61047
7382 50815
9472 51514
41756 84976
57945 7531
93928 18205
77229 72170
53757 82123
85494 95546
63142 75225
13095 34873
58249 62579
38972 83702
36589 8535
658 57483
41308 38511
34881 48689
5678 44352
202 47433
45679 74498
54963 39607
92703 48543
28128 62811
30665 13622
58356 10159
5198 71450
45031 63446
34028 354
63500 86968
25241 64157
60802 66548
19019 95682
31589 24696
56386 48142
88481 2064
38992 59795
58022 31694
8338 2502
10856 55354
32475 69211
65512 37672
40660 26894
17469 91039
43600 80968
94358 68840
61476 55160
51739 80495
67193 99679
21542 39930
47821 10022
58346 86812
69817 16367
34857 94506
18868 45712
66211 51342
31274 31723
89013 88285
74968 22834
95675 18567
3801 90032
87406 65277
61543 55497
62123 28736
55175 83664
68665 2995
10038 27010
6158 96206
59729 57366
7063 78596
19429 73273
46290 50702
21347 51654
38986 96315
74487 34660
31233 94640
41044 34991
59916 2586
90487 38390
47673 45661
38405 16338
65008 48442
59699 87517
60999 19427
61235 68061
14375 80663
57686 77016
31365 79032
45021 86702
91698 19508
37714 39283
14147 95109
74273 90414
97694 81111
28803 61719
26771 83559
94408 8130
32001 54106
11999 9351
89885 73233
77412 20611
53895 35097
13978 1611
30480 58998
4665 22178
94857 42378
61460 25355
53838 52084
32120 67883
33194 77274
29601 76316
60833 24008
84446 9185
94466 12796
18535 702
86028 12298
37664 39922
47394 51641
41533 94226
26990 46197
16403 38199
4926 94214
63553 58763
46297 95673
26645 95842
72946 72598
72157 33778
96605 72954
42962 7422
85749 77849
8123 71776
90146 62138
28050 53892
13778 85934
48117 57120
48482 80871
95318 53407
91436 58870
28521 54084
70894 71517
49925 60192
44114 38433
10321 57071
11387 69635
64492 13487
47483 88967
1615 37628
51104 46016
7871 81234
31949 55987
54705 80430
53209 50022
50188 44644
25243 95060
98727 12489
66576 65003
72680 27042
3436 99352
464 31174
68986 81307
61012 32820
70273 62626
70448 37729
24993 94670
35314 56941
67009 90018
53722 20217
56391 3909
81213 97985
15320 96291
10473 98248
61294 99504
25289 64729
98856 25752
12254 67841
23410 73265
661 93683
52243 87460
47763 77235
82129 83076
50528 65489
89445 4249
85706 45835
24510 83270
43819 39829
79560 70644
38076 40853
70147 63364
21933 69002
5467 50538
53195 28877
40155 53855
38911 92397
57666 3025
85983 56146
86100 36510
21635 91896
40759 23692
37730 81620
6961 97900
21448 86520
68543 59524
43725 38690
39239 82009
24043 61058
32547 77237
6286 72701
31091 61548
81449 5108
64572 67431
61254 67023
20293 82888
58918 77403
22931 12999
59022 29891
10898 80469
32762 95793
56344 76486
50834 95583
74847 74876
72992 23745
68465 79277
96445 15907
40824 94245
21015 21747
78027 82268
88769 98319
81507 47686
92073 20789
77036 51094
50679 87933
47915 83440
77 4258
76278 67262
16192 51124
42138 89183
74868 26954