100
524
1 2 0 1 1 1 0 1 0 0 2 2 0 0 2 2 0 1 1 2 2 2 0 0 0 2 1 1 0 1 1 2 0 1 1 0 2 0 0 1 2 0 2 2 1 2 1 1 1 2 2 1 0 1 0 0 1 2 0 0 1 2 2 2 1 2 0 1 2 2 2 2 0 1 2 1 1 0 1 2 0 1 2 0 2 2 2 0 2 2 1 1 2 0 2 2 1 1 0 0 0 0 2 0 1 1 2 0 0 2 2 2 0 1 2 1 0 2 0 2 0 0 0 1 2 2 1 1 0 2 0 1 2 0 0 0 2 2 0 0 2 1 0 1 1 2 2 1 1 2 2 1 0 2 0 2 1 1 1 0 2 0 2 0 2 2 2 0 0 0 1 0 1 1 2 0 0 2 2 0 2 0 0 2 2 2 2 1 2 0 0 1 1 0 0 2 0 1 2 2 2 1 2 1 1 0 0 1 2 2 2 2 0 1 1 0 2 1 2 0 1 0 2 2 2 2 1 2 1 1 1 0 2 2 0 2 0 0 2 2 1 2 0 2 0 0 2 1 2 1 1 2 1 1 2 2 1 2 0 2 2 1 1 2 0 2 0 2 0 1 1 2 1 2 1 1 1 1 0 2 1 2 2 2 2 2 2 0 0 2 2 0 0 0 0 2 0 2 1 1 2 0 2 1 1 2 0 0 1 1 2 1 0 1 0 1 1 2 1 2 1 1 0 1 1 2 1 1 1 2 1 2 2 0 1 1 2 1 1 0 1 0 2 1 1 0 1 0 0 2 1 2 0 1 0 0 1 0 0 1 1 0 2 1 0 2 1 0 1 1 1 0 0 1 2 0 1 0 2 0 0 1 2 0 2 0 1 1 0 0 2 1 1 0 2 2 2 0 1 1 2 1 2 2 1 1 2 0 0 2 0 2 2 1 0 2 2 0 2 1 2 1 1 0 2 0 1 1 0 0 2 1 2 0 0 2 1 1 1 0 0 1 0 0 0 0 1 0 2 2 2 1 1 0 2 2 0 2 0 0 1 1 0 2 2 1 1 0 1 2 0 1 1 0 1 2 0 1 2 2 1 1 0 1 0 2 0 1 2 0 0 2 2 2 1 0 2 2 0 2 2 2 1 0 1 1 2 0 0 0 0 2 2 1 2 1 1 0 1 0 0 1 0 2
466
2 1 1 2 0 1 0 0 2 1 2 2 0 1 2 2 1 0 2 2 2 0 1 2 1 2 1 2 2 2 1 2 1 1 0 1 2 0 2 1 0 0 2 2 1 0 1 2 1 2 0 1 0 0 0 1 2 1 0 2 0 0 2 0 1 0 1 1 1 1 0 1 2 0 0 2 1 2 2 2 0 1 0 1 2 0 0 0 0 1 2 1 2 1 1 0 2 1 1 2 2 2 1 1 0 1 2 1 0 1 0 0 1 0 2 2 0 1 1 0 0 0 0 2 1 2 2 2 1 1 2 1 1 2 0 1 2 0 0 1 2 1 0 0 2 2 2 2 1 0 2 2 1 2 2 1 0 0 2 0 1 1 1 1 1 0 2 2 2 0 2 2 2 2 2 2 0 1 1 0 2 2 0 1 2 2 2 1 1 1 1 1 1 1 2 1 0 0 0 1 0 1 0 0 2 2 2 1 2 1 2 2 2 1 1 0 0 2 1 2 1 2 0 2 2 1 1 2 1 0 1 2 2 0 1 0 0 0 2 2 1 2 0 1 2 2 2 0 0 2 2 0 0 2 1 2 2 1 2 0 2 1 1 1 0 0 2 2 2 1 0 2 0 0 0 1 1 1 2 0 1 1 1 0 1 2 1 0 1 2 0 2 0 0 2 1 2 1 0 2 1 0 0 2 1 0 2 2 2 2 2 0 1 1 2 2 2 1 1 1 0 2 0 2 0 2 2 1 1 1 0 2 2 0 0 0 0 2 2 0 1 2 1 2 2 2 1 1 2 1 2 2 2 2 1 2 1 2 1 0 2 1 2 0 2 1 1 0 0 0 2 1 0 2 1 2 1 0 1 1 1 1 0 1 0 1 2 1 2 0 1 1 0 2 2 2 2 1 2 2 1 1 2 1 0 0 0 0 0 1 0 0 0 2 1 2 2 1 2 0 1 2 0 2 0 2 0 0 0 2 1 2 0 1 1 1 0 1 1 2 0 0 1 0 0 1 2 2 1 2 2 2 0 1 0 0 1 2 2 0 1 2 0 2 1 1
230
2 1 1 2 0 1 0 0 1 1 1 0 2 1 0 1 1 2 2 1 0 2 2 0 1 0 0 1 0 2 0 1 1 1 1 2 2 1 2 2 0 1 2 0 0 0 1 2 2 2 2 2 1 0 1 1 2 2 1 1 0 1 2 2 0 2 1 2 0 1 2 1 0 2 0 2 2 0 1 0 0 0 1 2 1 0 0 0 2 1 2 1 2 0 2 2 0 0 0 2 2 2 1 0 1 1 1 0 0 0 0 2 1 2 1 0 2 1 1 2 1 1 2 0 0 0 2 2 2 0 1 0 0 0 2 0 0 0 1 0 1 2 1 0 0 0 0 1 0 2 1 0 1 1 0 2 2 1 1 1 0 2 0 2 1 2 0 1 1 0 0 2 1 2 1 1 2 1 0 1 2 0 2 2 1 0 1 0 0 0 1 0 1 2 1 1 1 0 0 1 1 2 0 1 0 1 2 0 2 2 0 0 2 2 0 1 0 0 2 1 1 2 1 2 0 1 1 1 2 0
134
1 2 1 1 0 0 2 2 1 0 2 0 0 1 0 2 0 2 2 2 1 2 0 2 1 1 1 2 2 0 2 1 2 1 2 1 2 0 2 2 2 2 1 1 2 0 0 0 1 1 0 1 0 2 0 2 2 0 1 0 2 0 2 2 0 2 0 1 0 0 0 0 1 2 0 1 2 0 0 2 0 1 1 1 1 2 1 0 2 0 2 2 1 0 2 2 2 0 2 2 0 2 2 0 0 0 1 1 0 1 0 1 0 2 1 1 2 2 2 2 0 1 2 2 0 0 1 2 1 0 1 1 2 0
807
0 2 2 2 2 1 1 1 1 1 2 0 0 1 1 0 0 1 1 0 1 0 1 1 2 1 0 2 2 1 1 1 0 2 1 1 0 2 2 2 0 0 1 0 0 2 2 1 2 0 2 0 1 2 2 0 0 2 0 1 2 2 2 1 0 2 0 2 0 0 2 0 1 0 2 1 2 2 2 0 2 2 2 2 1 2 2 2 1 0 2 2 0 1 1 0 1 0 0 0 1 0 2 1 1 2 0 1 1 2 2 0 1 1 0 0 0 0 0 2 2 2 1 1 0 1 2 1 0 2 2 2 2 1 1 0 2 1 0 0 1 2 1 1 1 2 2 2 0 1 2 1 0 2 0 2 1 0 2 2 2 2 1 0 2 2 2 0 0 0 0 2 0 2 2 0 2 1 1 2 0 2 1 0 2 1 1 1 1 0 1 1 2 1 0 2 1 1 2 1 2 2 2 1 2 0 0 0 2 2 0 1 2 0 0 1 0 1 2 1 0 2 0 0 0 1 1 0 1 0 2 1 2 0 0 0 1 1 2 2 1 0 2 1 0 2 0 1 2 1 1 0 2 0 1 1 0 0 1 1 0 1 0 1 2 0 2 2 0 1 2 0 1 0 0 0 0 1 1 0 2 2 1 2 1 1 1 0 1 0 2 2 0 1 2 1 0 1 0 2 1 2 0 2 1 2 0 0 0 2 0 1 2 2 2 1 1 0 1 2 2 0 2 1 0 1 1 1 0 2 1 2 0 1 1 2 0 0 1 0 1 1 2 2 1 0 2 1 1 0 2 1 0 0 2 1 2 2 1 1 1 1 0 0 1 1 2 1 1 1 1 2 0 2 1 1 0 2 2 2 0 2 2 2 0 0 1 0 2 2 0 0 0 2 1 1 1 0 2 1 2 0 2 0 0 2 1 0 0 0 0 1 0 2 0 0 1 1 1 2 0 0 2 1 0 2 0 0 0 1 0 1 1 2 1 2 1 0 2 2 0 1 2 1 0 1 1 2 0 0 1 0 0 1 1 1 1 0 1 1 1 0 2 2 1 2 0 1 0 0 1 0 2 1 1 1 0 0 0 0 2 2 0 2 0 0 0 2 1 0 2 1 2 1 1 1 0 0 0 2 0 2 1 1 1 1 0 2 1 0 1 0 0 0 2 1 1 0 1 0 1 2 0 2 2 2 2 0 1 1 2 2 1 1 1 2 0 1 1 0 0 2 1 0 0 0 0 2 0 0 2 0 2 1 0 2 2 1 1 1 0 0 2 2 1 2 2 0 0 1 1 1 2 0 0 1 0 2 1 1 0 1 0 1 1 0 1 2 0 0 1 0 2 1 2 0 0 2 2 0 2 0 2 0 0 0 2 1 1 0 0 2 1 2 1 0 0 2 0 0 1 0 0 0 1 0 0 1 1 2 0 2 0 2 2 2 1 2 1 0 2 1 0 2 2 2 1 2 0 2 0 1 1 2 1 0 2 2 2 0 0 0 2 2 0 2 1 2 0 0 0 0 2 0 2 0 2 2 1 1 0 2 1 1 1 2 1 0 2 2 1 0 2 1 1 1 2 1 2 2 1 1 1 0 0 2 2 2 2 0 2 2 0 0 0 0 2 0 0 1 1 0 0 1 2 1 2 0 2 2 2 1 1 1 0 2 0 2 0 1 2 0 2 1 2 0 2 2 2 1 0 2 2 1 2 2 0 1 0 1 1 0 0 0 2 2 0 2 0 0 2 2 2 1 2 0 0 1 0 2 0 0 2 0 1 0 1 2 1 2 0 2 2 0 0 0 1 1 2 2 2 1 0 1 0 2 2
696
1 2 2 1 0 2 1 2 1 2 1 1 2 2 0 0 0 0 0 1 0 1 0 0 2 1 0 1 2 0 2 2 0 1 2 0 1 1 2 2 0 2 0 2 0 0 0 2 0 0 2 1 1 1 0 2 2 2 0 1 2 0 1 2 0 0 2 0 0 2 2 1 1 1 0 2 1 2 0 1 2 2 0 1 1 1 0 0 0 2 0 2 0 2 0 0 1 0 1 0 0 1 1 1 0 2 2 0 2 2 1 0 0 1 2 1 1 1 1 2 1 2 0 1 1 2 0 0 1 2 2 1 1 0 2 0 2 1 1 0 2 2 0 1 0 0 2 0 1 0 2 1 1 2 0 2 0 0 1 2 2 1 2 1 0 0 0 1 1 2 1 1 2 0 2 2 0 2 1 1 1 1 1 1 2 1 1 0 0 0 1 0 2 1 0 1 2 0 2 2 2 1 1 0 1 1 0 1 1 1 2 0 0 0 0 2 1 2 1 2 2 2 2 0 1 2 1 0 2 0 0 0 0 1 0 1 2 0 2 2 0 1 0 2 2 1 1 1 1 2 2 1 2 2 1 1 1 1 0 0 0 2 2 2 1 1 2 0 0 1 1 2 0 0 0 0 1 2 1 1 2 1 0 1 2 2 0 1 0 2 1 1 2 1 1 0 2 2 1 1 2 0 2 1 2 1 1 2 0 0 2 2 2 2 1 1 1 1 2 0 2 1 1 0 1 0 2 1 2 1 1 2 2 0 0 2 1 2 2 0 2 2 0 2 0 1 0 0 1 1 1 2 2 2 1 1 0 2 1 1 1 2 2 0 2 0 0 2 2 1 2 1 0 1 0 2 1 1 1 1 1 0 1 2 2 2 1 2 2 2 1 1 0 2 2 1 1 2 1 1 0 2 0 0 1 2 0 1 2 1 1 0 0 2 2 1 1 1 1 0 1 1 0 1 2 0 0 2 0 2 2 1 1 0 2 1 1 2 2 2 1 1 1 2 2 1 0 2 2 0 0 0 0 0 1 2 2 2 1 1 1 1 1 1 2 0 1 1 0 2 2 0 0 2 0 2 1 2 1 0 2 2 1 2 2 2 1 0 0 2 1 1 1 1 2 1 1 2 2 1 0 1 2 0 0 1 0 0 2 1 0 1 1 2 1 1 1 0 1 1 2 0 0 0 1 2 0 0 0 2 2 2 0 1 1 1 1 1 2 2 2 0 1 0 2 0 2 1 1 0 2 1 0 1 0 1 0 1 0 2 2 0 0 1 2 2 0 1 1 0 1 1 0 1 1 1 0 2 2 0 2 2 0 1 1 0 0 2 2 1 1 1 0 0 0 2 1 2 0 1 1 1 1 1 2 1 1 2 2 1 2 0 2 2 1 1 1 0 0 0 1 2 1 2 2 0 2 1 1 2 2 2 1 2 2 2 2 2 2 2 2 2 2 0 1 1 0 2 0 0 2 0 2 2 0 2 1 2 1 2 1 0 0 1 0 0 0 1 2 0 0 0 1 0 2 0 2 1 0 1 0 1 0 2 2 0 2 1 0 0 1 2 0 1 0 1
236
2 2 0 2 2 1 2 1 2 1 1 2 2 0 2 0 2 1 2 2 2 2 0 1 0 2 1 1 0 1 0 1 2 1 1 2 2 0 1 2 1 1 2 2 0 1 0 0 2 0 1 1 0 1 1 0 2 2 1 1 2 1 2 2 1 2 2 2 1 1 2 2 1 1 1 0 1 0 0 2 1 0 0 2 1 0 0 2 0 0 0 1 0 0 0 2 0 0 0 1 2 0 2 2 2 2 1 0 0 1 1 2 0 1 0 1 1 2 2 1 1 2 2 0 1 0 2 0 0 2 1 1 1 0 0 0 2 0 2 2 0 2 2 1 0 0 0 1 1 1 2 2 1 1 1 0 1 1 1 1 2 2 0 2 0 0 1 2 2 1 2 1 2 2 0 0 0 1 0 1 2 1 1 2 2 0 0 1 1 1 2 2 0 1 1 2 1 2 2 0 2 1 1 0 0 2 1 0 0 2 1 1 0 0 0 2 0 1 2 0 0 1 0 0 1 0 0 1 0 2 1 2 1 0 2 1
440
0 0 0 2 1 2 0 2 2 2 0 0 2 0 2 1 1 2 2 0 2 1 2 2 0 0 2 0 0 0 1 2 2 2 0 2 2 2 1 1 2 1 2 0 2 0 0 1 0 2 1 1 2 2 1 0 1 0 0 0 2 1 1 1 0 2 2 0 0 1 1 2 1 2 2 0 2 0 0 0 2 1 1 2 0 0 1 1 0 2 0 1 0 0 1 2 2 2 0 1 2 1 1 0 0 0 2 0 0 0 0 0 1 0 2 0 1 0 1 1 0 2 0 1 0 2 1 1 2 0 0 1 1 2 1 1 1 1 1 2 0 1 1 0 1 2 0 1 0 1 2 0 0 2 2 0 2 2 1 1 0 1 1 0 1 1 0 2 2 0 1 1 0 2 0 2 0 2 0 2 1 2 1 2 2 1 1 1 0 2 0 1 2 1 0 0 1 0 2 2 0 2 1 2 0 1 0 2 1 1 1 0 0 2 2 2 1 0 0 1 0 0 2 2 2 0 1 2 0 0 1 0 0 1 1 0 1 0 0 2 0 0 2 1 0 2 0 1 0 2 0 1 1 2 0 0 0 0 1 1 2 1 2 2 1 0 0 1 2 1 0 0 1 1 0 0 1 2 0 2 0 0 2 0 1 0 1 1 1 1 0 2 2 0 1 2 2 2 2 0 0 2 2 1 2 0 2 2 2 0 1 2 2 0 0 1 1 0 0 1 1 1 2 1 2 0 0 1 1 2 0 2 2 1 2 2 2 1 0 2 1 2 0 2 1 1 0 1 1 1 2 0 1 0 2 2 1 1 2 1 1 0 2 1 0 0 1 1 2 0 2 1 2 0 0 2 1 1 0 0 0 2 2 2 1 0 1 2 0 1 0 1 0 0 0 2 0 0 0 0 1 0 2 0 2 0 0 1 2 1 1 2 2 2 1 0 1 2 0 2 1 0 1 2 2 1 0 0 1 1 2 0 2 2 0 0 0 0 2 0
916
0 1 0 0 2 2 0 0 0 2 2 0 1 1 2 0 1 0 0 2 2 0 2 1 2 2 0 2 0 1 0 1 2 2 2 1 1 2 2 1 1 2 0 1 1 1 2 2 0 2 0 1 0 1 1 2 0 2 1 1 2 1 0 1 1 0 0 2 2 0 1 1 2 2 2 1 0 0 2 1 1 2 1 2 1 2 1 1 1 0 1 2 0 1 0 0 1 1 0 1 2 1 0 0 2 2 2 0 0 1 0 1 1 1 2 1 2 0 1 0 2 1 1 2 1 2 0 2 1 2 0 0 2 0 0 1 2 2 2 1 0 2 2 1 2 1 1 1 1 0 2 2 0 2 0 0 0 1 2 2 0 2 2 2 0 1 1 0 1 0 0 1 1 2 2 1 0 1 0 2 0 1 1 0 0 0 0 2 0 0 1 0 2 1 2 2 0 2 2 1 2 1 1 1 0 2 1 0 0 2 0 1 2 2 1 1 2 0 2 1 1 2 1 0 1 2 2 0 2 1 1 1 0 0 0 2 1 1 2 0 2 2 0 1 1 0 1 1 1 1 2 0 0 2 2 2 0 2 0 2 1 1 0 0 2 1 2 1 0 2 0 2 0 1 0 2 2 1 0 0 0 1 2 0 0 1 0 2 1 0 0 0 0 2 0 1 0 1 1 2 2 1 0 0 0 0 0 2 1 2 0 0 0 0 0 0 0 0 1 0 0 2 2 0 1 0 1 0 2 0 1 1 2 2 1 0 0 2 0 2 0 1 2 2 0 2 2 0 1 0 1 2 0 0 2 1 0 2 2 0 2 2 1 2 2 1 1 1 0 0 0 0 0 0 2 0 0 1 1 1 1 0 0 1 2 2 0 2 1 0 1 0 1 1 2 1 1 1 1 1 1 0 2 2 0 1 0 2 0 2 1 2 1 2 1 2 0 2 0 1 2 1 2 1 0 2 2 0 2 1 0 0 1 2 0 0 0 2 2 1 1 2 1 2 2 1 2 0 0 2 0 2 0 2 1 1 0 0 0 2 2 1 1 0 0 1 0 0 1 2 0 1 2 2 0 2 2 0 2 1 0 0 1 1 2 0 0 0 0 2 2 0 0 1 2 1 0 2 1 1 0 0 1 0 2 2 1 2 0 2 1 1 2 2 0 1 2 1 1 2 0 0 1 2 0 0 0 1 2 1 0 1 1 2 0 0 1 1 0 1 2 1 2 0 0 1 1 0 1 1 0 2 0 0 1 2 1 0 0 1 1 1 1 1 2 2 0 2 2 2 2 2 2 1 0 2 1 1 2 1 1 1 0 1 0 2 0 1 0 1 0 1 1 0 2 0 0 2 0 2 0 1 0 1 0 2 2 0 2 1 0 2 2 2 1 0 0 2 2 2 2 1 2 2 0 0 0 2 0 0 0 0 1 2 1 0 1 2 2 0 2 0 1 0 0 1 1 0 0 1 2 1 1 0 2 1 0 0 1 1 1 0 2 2 1 1 0 0 1 2 0 1 1 2 2 2 0 2 2 0 0 1 1 0 2 0 0 0 2 0 2 2 2 1 0 1 1 0 0 0 0 2 1 0 0 2 2 0 1 2 1 1 0 0 1 0 0 1 1 2 0 2 2 0 0 2 0 1 1 1 2 1 1 2 0 0 2 2 0 2 2 1 1 0 2 2 2 0 0 2 1 0 2 1 1 0 2 0 1 0 0 0 1 2 0 1 2 0 2 2 1 2 2 0 2 2 0 1 2 1 0 0 2 1 1 2 2 0 2 2 0 2 2 0 0 1 0 0 2 1 0 1 1 0 1 2 2 2 2 2 1 0 0 1 0 2 2 1 2 0 1 1 1 2 1 1 0 2 1 1 2 1 1 0 2 0 0 0 2 2 1 2 0 2 2 2 2 2 1 1 2 2 2 1 2 2 0 1 0 2 2 2 0 1 0 2 0 2 2 0 0 1 0 0 2 2 0 2 2 1 2 1 1 2 0 2 0 0 1 0 1 2 2 0 0 2 1 1 1 0 0 2 2 0 2 0 2 2 2 1 0 2 0 0 2 0
204
1 1 0 2 1 2 0 1 0 0 2 2 0 0 0 1 2 1 1 0 0 2 2 1 0 2 2 2 1 2 1 1 0 1 2 2 2 2 0 0 0 2 0 0 1 0 2 0 1 2 0 2 1 0 2 0 2 2 2 0 2 1 0 1 2 1 0 1 1 0 2 0 0 2 1 0 1 0 1 2 2 0 0 0 0 1 1 0 2 2 0 0 1 0 1 1 0 0 2 1 2 0 0 2 1 0 0 2 0 1 2 0 2 1 0 1 1 1 2 1 1 1 0 0 1 1 0 2 2 1 0 1 2 0 0 1 1 0 1 2 1 2 2 2 2 2 2 2 0 0 1 1 1 1 2 1 0 2 2 1 2 2 1 1 1 2 2 0 2 1 1 2 1 2 2 2 2 0 0 1 1 0 0 0 1 0 0 0 1 0 2 2 1 2 0 1 1 1 0 1 0 1 2 2
602
1 1 2 0 0 1 2 2 1 0 2 0 1 1 1 2 0 1 2 2 0 1 0 0 2 2 0 0 2 2 0 0 2 2 0 0 2 2 2 0 0 0 2 2 2 0 1 0 0 2 2 1 2 1 2 2 2 1 1 1 1 1 0 0 2 1 1 0 0 0 2 0 0 0 1 2 0 1 2 1 2 0 0 0 0 0 2 1 0 0 0 0 0 0 2 0 0 1 1 2 1 2 1 0 1 0 1 0 1 2 1 2 0 0 2 0 0 2 0 2 1 1 2 1 0 2 1 2 1 2 0 0 1 0 1 0 0 2 0 2 2 0 1 1 2 0 0 0 0 0 1 2 1 1 0 2 1 2 1 1 2 1 2 2 0 1 2 0 0 0 1 0 0 1 2 1 2 0 2 2 1 0 1 0 2 1 2 2 1 0 1 2 1 2 2 1 2 2 0 2 0 1 1 0 1 1 1 0 2 2 2 0 2 0 0 0 0 1 1 1 1 1 2 1 1 0 1 0 0 1 2 1 2 2 1 2 2 2 0 1 1 0 0 2 0 1 2 2 0 2 1 1 0 1 2 2 2 0 2 0 0 2 2 0 2 2 2 2 1 1 2 0 2 1 2 0 0 2 1 0 0 0 0 2 0 2 0 2 0 1 2 1 0 1 2 2 2 0 2 2 1 2 2 1 1 0 0 2 0 1 1 1 2 2 1 1 1 0 1 0 2 1 2 0 1 0 1 2 0 0 1 0 2 2 0 1 2 0 1 2 2 0 0 1 0 1 0 0 0 2 0 0 2 0 2 2 2 2 2 2 0 0 1 1 0 1 2 1 2 1 0 1 2 1 0 2 0 0 1 2 1 2 0 1 1 2 2 0 0 1 1 2 0 1 0 0 1 1 0 0 2 1 2 2 1 1 2 2 1 1 0 1 0 0 1 1 1 1 1 2 2 0 0 0 0 0 1 2 1 2 2 1 1 1 2 1 1 1 0 0 0 2 0 2 2 2 2 1 2 1 2 0 1 1 1 0 1 0 1 2 2 2 1 1 0 1 2 1 0 0 1 1 2 0 1 2 2 2 2 2 2 1 2 2 2 2 1 0 1 0 2 0 2 0 2 2 1 0 1 0 0 1 0 0 2 2 2 0 1 0 0 2 0 0 0 1 1 2 2 1 0 0 2 1 1 0 1 1 0 2 2 0 1 2 2 1 2 0 1 0 1 0 2 0 1 2 0 0 0 1 1 2 1 2 2 2 0 2 0 2 0 2 1 2 0 2 0 0 1 2 0 2 2 1 0 0 0 2 1 0 2 2 1 1 0 1 0 2 1 2 0 2 0 1 0 2 0 2 2 1 0 1
104
2 2 1 1 0 2 2 0 2 1 1 1 2 2 0 0 2 1 0 1 0 1 2 1 1 1 1 1 0 2 2 2 1 1 2 0 2 0 0 1 2 1 0 1 0 2 1 1 1 1 0 1 0 2 2 0 0 0 1 2 2 2 1 2 0 1 2 2 2 2 0 1 1 1 1 1 2 2 1 2 0 1 1 0 2 1 1 1 2 2 1 0 0 0 2 2 2 0 0 2 0 1 2 1
120
0 2 2 2 2 1 2 2 2 1 1 0 0 2 1 1 2 2 2 0 0 2 1 0 1 0 2 1 0 2 0 1 0 2 1 0 0 2 2 2 0 1 2 1 0 2 2 0 0 2 1 0 1 0 1 0 1 0 2 1 1 1 2 2 1 2 1 1 1 1 1 0 0 0 1 2 0 2 2 1 1 2 0 1 0 0 2 1 1 0 2 0 1 0 1 2 0 0 2 2 1 2 1 1 2 2 0 2 0 1 2 2 1 2 2 0 0 0 0 0
695
1 1 1 1 0 2 0 2 0 2 1 0 2 0 1 2 2 1 2 0 0 1 2 2 2 1 0 2 0 0 2 0 1 1 2 0 1 2 2 1 1 0 2 1 0 1 0 1 0 1 2 0 2 2 2 2 1 1 2 1 2 1 1 2 1 0 0 0 0 2 1 0 0 1 1 1 0 2 1 1 2 2 0 0 2 1 2 0 2 2 0 2 0 0 2 2 1 2 2 1 1 1 1 2 0 1 2 0 0 1 2 0 1 2 0 0 2 1 2 1 0 1 2 0 0 1 2 0 2 1 2 2 2 1 2 2 1 2 0 0 1 2 1 1 2 0 2 1 0 0 0 0 1 0 0 0 1 2 0 0 0 2 0 2 1 1 2 0 1 1 1 2 2 2 2 0 1 1 1 0 1 2 1 2 1 1 0 2 1 2 0 2 0 1 1 2 1 1 1 1 2 0 2 0 2 2 1 0 2 0 2 1 0 1 2 2 0 1 1 2 2 1 1 1 1 2 0 0 1 1 1 1 1 1 0 1 1 1 1 0 2 0 0 1 0 1 1 0 1 2 0 2 1 1 2 1 1 2 2 0 2 1 2 1 2 1 1 1 0 1 0 1 2 2 2 1 2 2 2 1 1 0 1 1 2 0 2 0 1 2 1 2 2 0 1 0 0 1 2 2 1 2 1 1 1 0 0 1 2 0 0 2 0 2 0 2 0 1 2 1 2 0 0 0 1 2 2 2 2 1 1 1 0 1 0 2 1 1 0 1 0 0 2 1 1 2 0 0 2 2 2 0 2 1 0 2 1 1 1 0 2 1 1 2 0 1 2 2 1 0 0 1 2 0 0 1 0 1 0 2 1 2 1 0 2 1 0 2 1 0 0 0 1 0 1 2 2 0 1 2 0 2 1 1 0 1 0 0 0 0 2 2 1 1 1 0 0 0 1 1 0 2 1 0 2 0 0 2 0 1 2 0 2 0 0 1 1 2 1 0 0 1 1 1 1 1 1 1 0 0 2 0 1 1 0 2 1 1 1 2 1 2 2 1 2 0 2 2 2 1 2 1 1 1 2 2 0 2 0 0 2 1 2 2 0 1 1 1 0 2 1 2 0 2 1 0 0 0 0 0 1 2 0 1 0 0 0 1 1 0 0 1 0 0 1 2 1 0 1 2 2 2 1 1 0 2 1 2 0 1 2 1 2 0 1 2 2 2 2 2 0 1 0 1 0 2 0 0 2 2 0 0 1 1 2 1 2 2 2 1 1 1 0 1 2 2 1 0 0 1 1 0 1 0 1 1 1 2 1 2 2 0 2 2 1 2 1 0 1 2 1 1 2 0 0 0 1 2 2 0 1 0 1 0 1 0 1 2 0 2 0 1 2 1 0 0 1 0 1 2 2 0 1 1 1 1 1 2 1 2 2 1 2 1 2 2 2 1 2 1 2 0 0 2 2 0 1 1 0 1 1 0 0 1 1 0 0 0 2 2 1 1 0 1 1 1 1 0 1 2 0 1 0 1 2 0 2 2 0 2 1 1 0 2 2 2 0 2 0 2 1 0 2 1 0
225
1 0 1 1 2 0 2 1 1 1 1 2 1 2 2 1 2 2 1 2 1 2 2 2 1 1 2 1 0 2 1 2 2 0 2 0 0 1 2 0 1 0 1 2 1 1 2 1 0 0 1 2 0 1 2 1 1 0 1 2 1 2 0 1 2 0 2 2 2 0 1 0 2 1 2 1 2 2 1 0 2 1 1 2 2 0 0 0 0 2 2 1 2 1 2 1 0 2 2 0 1 0 1 0 2 0 2 0 1 0 0 1 2 1 0 0 2 2 2 2 0 2 2 0 2 2 2 0 2 1 1 2 2 1 0 2 2 2 2 0 1 1 2 0 1 0 1 2 2 2 2 0 0 1 1 1 0 1 2 0 1 2 2 2 1 1 2 0 2 1 0 1 0 2 1 0 1 0 0 0 1 1 2 2 0 0 1 2 1 0 0 2 1 1 0 0 2 2 0 1 0 2 1 2 1 2 0 1 0 1 0 2 2 2 1 0 1 0 0 1 2 2 0 1 0
123
0 1 0 0 1 1 1 1 1 0 0 1 2 0 1 0 0 0 2 0 0 1 1 2 1 1 0 0 2 0 0 0 2 2 1 2 0 1 0 1 1 0 1 2 0 2 1 2 2 1 0 0 1 0 2 0 2 2 1 1 0 2 2 1 2 0 1 0 1 2 2 1 2 1 1 2 2 2 2 2 0 0 1 0 1 1 0 1 2 2 0 0 0 0 1 1 2 1 1 0 0 0 0 2 0 0 0 1 1 1 0 2 1 0 1 1 2 1 1 0 2 0 1
409
2 1 2 2 2 2 0 1 2 0 2 2 1 2 2 0 2 1 2 1 0 1 1 1 1 1 1 0 1 0 2 2 1 2 2 0 2 1 0 0 0 2 2 1 2 2 0 2 1 2 2 0 1 0 1 0 1 1 1 0 0 2 0 1 2 1 2 0 0 2 0 1 1 1 2 1 1 0 2 0 0 2 1 2 2 1 0 0 1 2 1 0 1 1 1 1 2 0 2 2 1 2 1 0 2 1 0 0 2 1 0 0 0 2 0 2 2 2 2 0 2 2 1 1 1 2 2 2 0 0 0 2 0 0 2 0 1 2 2 2 2 2 0 1 1 0 1 1 2 0 0 0 0 0 0 2 1 2 2 2 0 1 2 2 1 2 1 1 2 1 1 1 1 1 2 0 0 0 2 1 1 0 2 0 0 2 1 0 1 1 2 1 1 1 2 1 1 2 1 2 0 0 0 0 0 0 1 1 0 1 0 1 2 2 0 2 0 2 2 2 1 0 2 0 2 1 1 1 1 1 2 1 2 0 2 0 2 2 2 0 0 0 0 2 2 0 2 1 0 1 0 1 0 0 1 2 2 2 2 0 2 0 1 1 0 1 1 1 0 1 2 1 2 2 2 0 2 1 2 1 1 0 0 0 1 2 2 2 2 0 0 2 1 0 1 0 1 1 1 2 2 1 2 2 0 0 0 1 0 1 1 0 2 1 1 2 0 0 2 1 1 1 1 1 1 2 2 1 2 1 1 0 0 1 1 2 2 1 0 0 0 2 1 0 0 2 1 1 1 0 1 1 1 0 1 2 2 1 2 0 0 0 0 0 0 2 0 1 2 0 1 2 2 1 1 2 1 0 2 1 0 2 1 0 1 2 0 0 2 2 1 0 0 0 1 0 0 2 1 2 0 0 2 1 0 2 0 2 2
186
0 2 0 0 2 1 2 1 0 2 1 1 0 0 0 0 0 2 2 0 1 0 0 2 2 1 2 2 0 2 2 1 2 2 0 2 1 1 0 2 1 1 2 0 0 2 0 2 2 2 2 1 2 1 1 0 1 2 0 0 0 1 1 2 0 1 1 1 0 2 1 2 1 2 1 1 2 0 0 1 2 0 0 2 0 0 2 2 2 1 1 0 2 0 0 1 1 1 2 2 1 1 1 0 1 1 2 2 0 1 0 0 2 2 2 0 1 0 0 1 1 1 2 1 1 2 0 2 0 2 1 2 1 0 1 1 2 1 0 2 1 2 2 2 2 2 2 2 0 1 2 2 0 2 1 2 2 0 1 2 2 2 1 0 0 1 0 2 2 2 1 1 1 1 0 1 2 0 1 0 0 0 2 2 2 2
466
0 0 1 1 1 1 1 0 1 2 1 1 2 2 0 1 0 2 2 0 2 0 1 1 2 0 2 1 0 0 1 1 0 2 0 2 1 1 1 0 1 0 1 1 2 1 2 1 0 2 2 1 0 2 0 1 1 2 1 2 2 0 0 2 0 0 2 0 2 2 0 1 1 2 0 2 2 0 2 2 1 2 1 0 0 1 1 0 1 2 2 1 1 0 0 2 2 2 2 0 2 0 0 1 0 0 2 1 1 0 0 1 1 1 2 2 0 0 1 0 0 2 1 1 0 1 2 2 1 1 2 1 2 2 1 2 2 1 2 1 1 2 0 1 1 0 0 0 2 0 1 1 0 0 0 2 2 1 2 0 0 2 1 2 2 1 0 2 2 1 0 0 1 1 2 1 0 0 2 1 0 0 1 2 2 0 0 1 1 1 0 0 1 1 2 1 0 2 1 2 0 0 2 1 0 1 0 1 1 1 0 0 2 1 2 0 1 1 2 2 2 2 2 0 2 0 0 0 2 0 1 1 2 2 2 1 2 0 1 2 2 1 0 0 0 2 2 1 2 2 0 0 1 0 0 1 0 2 1 2 1 0 2 1 1 2 1 0 0 0 2 0 0 0 0 0 0 0 0 1 1 2 2 2 1 1 0 0 0 2 2 1 1 1 1 0 2 2 0 1 2 2 2 2 0 2 0 2 1 1 1 0 0 0 2 0 0 2 0 0 1 2 1 2 1 0 2 2 1 1 2 1 2 0 0 0 2 0 1 2 1 1 2 0 1 0 1 1 2 1 0 0 2 2 0 2 2 2 0 2 2 1 1 2 1 1 1 1 1 1 0 2 0 1 0 1 1 1 0 1 2 0 1 1 0 1 0 0 1 2 0 2 2 0 0 1 2 0 0 0 2 0 2 2 2 1 2 1 2 0 2 0 1 2 1 2 1 2 0 0 0 1 2 0 1 2 2 1 0 0 0 0 1 1 2 2 0 1 0 1 1 0 0 0 1 2 1 1 0 1 1 1 2 1 2 1 0 2 0 2 1 2 1 0 1 1
701
0 2 2 0 2 2 0 2 0 2 1 0 0 0 2 0 2 0 1 0 1 0 2 0 1 1 2 1 1 2 2 0 0 2 2 1 1 1 2 0 0 1 1 2 2 2 0 1 0 0 2 1 1 2 0 2 0 0 1 1 2 2 2 2 1 2 2 0 0 1 1 1 1 2 2 2 2 2 1 0 1 0 0 2 2 2 1 2 0 0 0 0 0 1 2 2 2 1 2 0 2 1 2 1 0 2 0 2 2 0 2 1 2 2 2 0 1 2 1 1 0 0 0 1 2 1 2 2 1 1 0 2 1 0 2 1 1 0 1 1 2 1 0 0 1 1 2 2 2 1 0 1 2 0 1 0 1 1 0 2 0 0 0 0 1 0 0 1 0 2 2 1 1 0 1 1 1 1 1 1 0 0 0 1 0 1 0 0 2 2 2 0 2 1 2 1 0 2 2 2 2 1 2 0 2 1 0 1 0 2 0 2 0 1 2 1 0 2 1 1 2 2 2 2 2 0 0 2 1 0 1 1 0 1 0 0 2 1 1 1 0 0 2 1 1 1 0 0 1 0 1 2 2 1 0 2 1 1 1 2 1 2 2 2 0 1 0 2 0 0 2 1 2 0 0 2 0 2 2 1 1 2 0 1 1 0 2 0 1 2 1 1 1 1 1 0 2 1 2 1 1 1 0 1 2 1 1 0 1 2 1 2 0 1 2 2 0 1 0 2 1 0 2 0 1 1 1 0 0 1 0 0 1 0 2 0 1 1 1 0 0 0 0 2 1 2 2 2 0 1 2 0 2 2 0 2 2 1 2 2 1 2 0 1 2 2 0 0 0 1 0 0 0 0 2 0 1 2 2 2 2 1 1 1 2 2 2 2 2 2 1 2 2 2 0 0 0 0 2 1 0 1 0 2 2 2 0 0 2 2 1 2 1 2 0 1 1 1 2 0 1 2 2 1 2 1 0 1 0 2 2 2 2 1 0 1 2 1 0 2 0 0 1 2 1 1 1 2 2 0 1 2 1 2 0 1 0 1 2 2 2 1 2 2 1 2 0 0 2 1 2 2 0 1 0 1 0 0 2 1 2 2 2 2 0 0 0 0 2 0 0 2 2 1 0 1 1 2 1 0 0 1 0 1 1 0 1 1 1 2 2 2 0 1 2 0 0 0 2 1 0 2 0 0 2 1 1 1 1 2 1 2 2 1 2 1 2 0 0 2 0 0 1 1 2 2 0 1 2 2 2 2 1 1 1 1 0 0 0 1 0 2 0 1 1 1 1 2 1 0 1 0 1 1 2 0 2 2 2 0 2 1 0 2 1 1 2 2 2 1 2 1 1 0 0 0 1 0 2 1 0 0 2 0 0 1 0 0 1 0 0 0 1 2 1 0 0 0 2 1 1 0 1 0 0 2 2 2 1 2 0 1 2 0 0 0 2 0 0 1 0 1 0 1 1 2 0 2 1 2 1 2 1 1 1 2 2 2 2 0 1 1 2 0 1 0 0 1 1 0 2 2 1 1 0 0 0 1 1 2 2 0 0 1 1 0 0 1 2 1 2 0 0 0 2 0 2 1 2 2 2
885
1 0 1 2 2 1 1 0 0 2 0 2 0 0 1 1 1 1 0 0 1 1 0 2 1 0 1 0 1 0 1 2 2 0 2 1 1 1 1 2 2 2 2 0 1 0 2 1 0 2 0 1 2 2 1 0 1 2 2 2 2 2 1 0 0 2 1 0 0 1 0 2 1 2 2 0 0 2 1 0 0 1 0 0 1 1 2 1 2 0 1 2 2 2 1 1 1 2 1 1 0 1 1 0 2 0 0 2 2 2 2 1 2 0 0 1 2 1 0 0 1 2 0 1 1 2 2 2 2 0 1 0 0 1 1 0 2 0 0 1 2 1 0 2 2 1 0 1 0 1 1 0 2 2 1 2 0 0 0 0 2 0 1 1 2 1 1 0 1 2 2 2 1 2 2 1 2 2 2 2 1 1 2 2 1 1 1 2 1 0 1 1 1 1 2 2 1 2 2 0 1 2 1 1 1 1 2 0 1 2 0 2 1 1 1 1 1 0 0 2 2 0 0 2 1 0 2 2 2 2 1 0 0 2 0 2 2 1 1 1 0 2 1 2 2 1 2 2 0 1 1 1 2 0 2 2 1 0 2 2 1 1 0 1 1 2 1 1 2 0 0 2 2 1 0 0 2 0 2 2 2 2 0 0 1 1 0 1 1 1 2 1 2 1 0 1 1 0 2 2 1 0 2 1 1 2 1 1 2 0 2 0 2 1 2 2 0 1 2 1 1 1 1 1 1 1 0 2 2 2 2 1 0 2 2 2 0 2 0 2 0 2 0 1 0 0 2 2 2 2 2 0 0 1 1 0 2 0 0 2 0 0 2 2 2 1 1 1 0 1 2 2 2 0 1 0 1 0 1 0 1 1 0 1 1 1 0 0 0 1 0 2 0 2 2 0 1 2 1 2 2 0 1 1 1 0 1 0 0 2 1 2 2 1 0 2 2 0 2 2 2 1 2 0 2 0 1 0 2 2 2 0 1 1 2 1 1 2 1 1 0 1 0 0 1 2 2 1 1 2 0 2 1 0 2 2 1 1 1 0 2 0 0 2 0 0 0 0 0 2 2 0 2 0 2 1 0 2 2 0 1 2 0 2 1 1 0 2 2 2 1 0 0 1 0 1 2 2 1 0 1 1 1 0 2 0 2 0 1 0 0 2 2 0 0 2 1 0 0 2 1 2 2 0 1 2 1 0 1 0 2 2 1 0 0 2 2 0 2 1 2 1 1 1 2 0 2 0 2 1 1 1 1 1 1 0 2 1 1 2 0 1 0 1 2 1 2 1 0 1 1 0 1 0 2 2 2 2 0 1 1 2 2 2 2 0 0 1 1 2 0 1 0 0 2 0 1 1 2 2 2 1 2 0 1 2 1 2 0 0 0 0 1 2 1 0 0 2 2 2 2 0 1 0 2 2 2 0 0 1 0 2 2 2 0 2 1 0 0 1 2 0 1 2 0 1 1 2 2 0 2 1 0 1 2 1 2 1 0 2 1 2 2 2 0 0 2 1 1 0 0 2 2 0 2 2 2 2 0 1 2 1 1 2 1 0 2 0 2 2 1 2 1 2 2 2 1 2 1 1 1 0 2 1 0 2 0 1 2 0 2 0 0 1 1 2 2 2 0 1 0 2 0 1 2 2 2 2 0 2 0 0 2 0 1 2 2 2 1 1 2 0 2 0 1 1 0 0 1 1 2 1 2 0 2 2 0 2 1 1 1 2 2 0 1 0 0 1 0 2 0 0 2 1 1 2 0 1 0 0 2 0 0 0 1 1 2 1 1 1 2 1 1 2 2 0 2 0 0 1 1 0 0 1 1 0 2 1 0 0 0 1 2 0 0 2 0 1 0 2 0 0 0 0 1 1 0 0 2 1 2 1 1 2 0 0 2 0 0 2 1 2 2 1 1 2 2 0 2 0 2 0 0 2 1 0 0 2 0 0 1 1 0 1 0 2 2 2 1 1 2 2 2 0 0 2 2 2 2 2 1 0 0 1 0
279
0 2 1 0 1 1 0 1 0 1 1 0 1 0 0 0 2 2 1 2 1 0 2 2 0 2 0 1 2 2 0 1 1 1 2 0 0 0 2 0 0 1 1 0 2 0 0 1 2 2 1 2 2 0 0 1 0 0 0 0 0 0 1 2 0 2 0 0 1 2 0 0 2 1 2 1 2 1 2 2 2 2 2 1 2 0 1 1 0 2 0 0 1 2 2 0 2 2 1 1 1 1 1 0 2 1 0 1 1 0 1 2 0 0 0 1 0 0 2 0 0 2 1 1 0 1 2 2 0 0 1 1 1 0 1 2 0 2 0 0 1 2 0 1 0 2 1 1 0 0 2 2 0 0 0 0 0 0 1 2 2 1 2 1 1 2 0 0 2 2 0 2 0 0 0 0 2 2 1 0 2 1 0 0 0 1 0 1 2 2 2 0 2 2 1 2 1 1 0 2 1 0 1 1 0 1 0 0 2 0 0 2 0 0 2 0 1 2 2 0 2 2 1 0 0 0 0 1 0 2 0 2 1 0 2 0 2 2 2 0 2 0 0 1 1 2 1 1 1 1 1 0 0 2 2 2 1 2 1 1 2 0 1 2 1 0 0 1 2 0 1 0 0 0 1 1 2 1 1
479
1 2 1 2 2 1 2 2 0 0 2 2 2 2 2 1 0 1 1 1 2 1 2 2 2 1 0 0 1 1 0 2 1 2 1 2 2 1 0 0 2 1 1 2 0 1 1 2 1 0 0 1 2 1 1 2 0 1 0 0 0 1 0 2 2 2 2 0 0 2 1 0 0 0 0 1 0 2 1 2 2 2 0 0 0 2 2 2 1 0 1 1 0 2 0 1 2 1 0 0 2 2 0 2 0 2 0 0 1 2 0 0 1 1 0 0 0 1 2 2 0 2 0 0 0 1 0 2 1 2 1 1 2 2 1 2 1 2 1 0 1 0 2 2 1 1 0 0 0 1 2 0 1 0 2 1 0 0 0 1 1 0 0 0 0 2 1 2 2 0 0 0 1 1 0 0 2 2 2 1 1 1 1 1 2 1 1 1 0 2 1 0 2 1 2 2 0 0 1 0 1 0 1 0 2 2 2 0 1 1 2 2 1 1 0 2 0 2 2 0 2 2 2 0 1 0 2 0 0 1 1 1 0 2 2 1 2 1 0 2 0 2 0 0 1 1 2 2 2 0 1 0 2 1 0 2 2 0 0 0 2 0 2 2 2 0 0 1 0 1 2 1 1 0 0 2 2 1 1 2 2 2 0 0 0 1 2 0 1 2 1 2 2 2 0 2 2 1 2 1 0 2 0 1 2 2 0 1 2 1 2 2 0 2 2 0 0 2 2 2 0 1 2 2 0 1 0 0 2 1 1 2 0 2 2 2 0 1 0 2 1 1 2 0 2 0 0 2 1 2 0 2 2 2 0 2 0 1 1 2 0 2 0 2 1 1 2 2 2 2 2 2 1 2 0 1 2 0 2 1 0 2 0 1 1 1 1 1 2 0 0 1 0 2 2 1 0 1 1 1 0 2 1 0 2 2 2 0 2 2 1 1 0 0 2 0 1 2 1 0 1 1 1 0 1 0 0 0 0 0 1 2 2 1 0 0 1 1 0 1 2 0 2 1 2 0 1 1 2 1 1 1 2 0 1 2 2 1 1 2 0 0 1 0 1 0 0 0 0 0 1 0 1 2 1 2 2 2 1
842
1 1 0 0 0 0 1 2 1 2 0 1 0 0 2 0 0 0 0 0 2 1 0 0 1 2 2 1 1 1 1 2 2 2 1 1 1 1 2 0 0 1 0 1 0 2 0 2 1 0 2 1 2 1 2 0 0 1 2 1 2 1 0 2 1 2 2 0 1 2 1 1 0 0 2 1 2 1 2 1 2 0 1 2 2 2 0 2 0 1 0 0 0 1 1 1 2 2 1 1 1 2 1 0 1 2 1 0 2 0 0 0 2 2 2 2 2 0 2 0 2 1 0 2 1 1 0 1 1 0 2 1 2 1 2 0 2 2 0 1 0 2 0 0 2 2 1 1 0 1 2 1 0 0 1 1 0 0 0 1 2 2 1 1 2 2 1 2 2 0 1 2 2 0 1 2 0 0 1 0 2 1 0 0 2 0 2 2 2 1 0 1 1 0 2 1 1 0 2 1 1 1 2 0 1 1 2 0 1 2 2 0 1 1 1 1 2 2 0 2 1 1 2 1 2 1 1 2 2 2 0 2 1 2 1 2 0 2 1 1 1 1 0 0 2 2 2 2 1 2 2 1 1 2 2 0 0 1 1 1 2 1 2 0 1 0 0 2 1 0 2 1 0 0 2 1 0 2 1 1 0 1 1 2 1 2 1 1 2 2 1 0 0 1 0 2 2 2 0 2 1 2 0 1 2 2 0 2 1 1 2 1 1 0 2 2 0 1 1 2 2 1 2 2 0 2 2 0 0 2 0 2 0 1 1 0 0 1 0 0 0 0 1 0 0 1 1 0 1 0 2 1 2 2 2 2 0 0 2 1 1 2 1 0 1 0 1 1 1 2 1 2 1 1 1 0 0 2 0 1 1 1 1 0 0 2 1 1 0 1 2 2 0 1 1 1 1 2 2 2 1 2 0 1 2 2 0 2 2 0 1 2 0 1 2 1 1 0 2 1 2 1 0 2 1 2 1 2 2 2 0 0 2 0 0 1 2 0 1 1 1 1 2 1 0 0 0 0 0 1 2 1 2 1 2 2 2 1 1 2 2 2 2 1 1 2 1 2 1 0 2 1 1 0 2 1 2 0 1 2 1 2 1 2 1 2 1 0 2 1 1 2 2 2 2 0 1 1 2 0 2 2 1 0 1 2 0 1 0 1 0 0 2 0 0 0 0 0 0 2 0 1 1 0 2 0 1 0 2 1 0 1 2 2 0 2 0 1 1 0 2 2 0 1 0 1 0 1 2 0 1 2 0 1 2 0 2 1 2 1 2 0 0 2 0 2 0 0 2 2 2 0 0 1 1 1 1 1 2 0 0 2 2 0 2 2 1 0 0 0 1 2 0 2 2 2 1 1 0 1 0 1 0 0 2 2 1 1 2 1 0 0 2 0 0 0 2 1 0 0 1 0 1 1 1 0 1 2 1 2 2 0 1 2 0 1 2 0 1 1 1 1 0 2 1 2 0 0 1 1 2 0 0 2 2 2 2 1 1 1 1 0 0 1 0 2 0 1 1 1 2 2 2 2 2 1 1 2 1 0 0 2 0 2 1 2 0 1 0 2 1 2 1 1 0 0 1 1 1 0 1 0 0 1 0 0 0 2 1 2 0 0 2 2 1 0 1 1 1 1 0 1 1 0 0 0 0 1 2 1 1 0 0 0 2 0 1 0 0 2 1 1 2 0 0 1 1 2 2 0 0 1 2 0 1 0 1 2 0 1 2 2 1 0 1 1 1 2 1 2 2 2 1 1 0 0 1 1 1 2 1 2 2 2 1 2 0 1 0 0 0 1 1 1 2 0 1 1 1 2 0 2 1 0 2 1 2 2 1 0 2 2 1 1 1 1 1 2 1 0 1 2 0 2 0 1 0 2 2 2 2 1 0 1 1 2 2 1 1 1 0 0
294
2 1 1 2 2 0 1 2 2 2 2 1 1 0 0 1 2 0 0 1 0 2 2 0 1 0 2 1 1 1 2 0 1 2 2 0 2 1 0 1 0 0 0 2 2 0 2 0 1 2 2 0 0 0 1 1 1 1 2 0 2 1 0 2 2 2 0 0 0 1 1 1 1 2 0 0 1 2 0 1 0 2 0 2 2 0 0 2 1 0 1 0 0 1 0 2 1 1 0 1 0 1 2 2 2 1 0 0 1 0 2 0 2 1 0 0 2 1 0 1 0 2 0 2 0 1 2 0 0 0 2 0 1 1 2 1 0 0 0 2 2 1 2 1 1 0 2 0 1 0 2 1 2 0 1 0 0 0 2 1 0 0 0 2 1 0 0 2 0 1 2 1 1 1 1 2 2 1 1 2 0 0 1 0 0 0 2 1 2 2 1 2 1 1 0 2 2 1 1 0 0 1 1 2 0 1 2 0 1 0 1 2 0 2 1 1 1 2 1 2 2 2 2 2 1 0 0 1 2 2 0 0 1 1 1 1 2 1 2 0 0 2 2 0 1 0 1 1 2 1 0 0 0 0 2 0 0 0 1 2 1 0 1 2 0 2 0 1 0 0 1 1 0 0 1 2 2 0 0 2 1 2 1 2 2 1 2 0 0 0 2 2 2 2
174
2 2 0 1 2 2 0 0 2 2 2 2 2 2 2 1 1 2 2 0 2 1 2 0 1 2 0 2 0 1 2 0 0 1 2 2 1 2 0 1 0 1 1 0 1 2 0 1 2 2 1 1 1 2 1 1 2 0 2 1 2 1 2 1 0 0 2 2 2 1 2 2 0 2 1 1 1 0 1 1 1 2 1 0 1 0 1 2 2 1 2 0 2 2 0 1 1 1 2 0 0 0 2 1 0 0 1 1 1 2 2 1 2 1 0 2 2 0 1 0 2 1 0 2 0 0 1 0 0 2 0 1 0 0 1 0 2 2 1 0 0 1 1 2 2 1 2 1 0 0 1 0 0 1 2 1 2 1 0 2 2 2 2 0 0 2 1 2 1 1 1 2 1 2
382
2 0 2 2 2 0 0 2 2 0 1 0 1 1 1 0 2 1 1 0 1 1 2 1 1 2 0 1 2 2 1 0 0 1 1 1 0 2 2 2 1 1 0 0 1 1 1 2 2 2 2 2 1 0 1 1 2 1 1 2 1 0 2 1 1 2 2 0 0 1 1 0 1 1 1 2 1 2 0 2 0 0 0 0 0 2 2 0 0 0 1 1 2 2 2 2 2 0 2 2 2 0 2 1 2 0 0 1 0 2 0 2 0 0 0 1 1 2 1 2 1 0 1 0 0 0 2 1 2 1 0 0 1 0 1 2 0 1 2 2 2 0 0 2 2 0 1 1 2 2 2 1 2 0 2 2 1 0 2 0 1 2 0 0 1 0 0 2 2 2 2 1 2 2 0 1 1 2 2 1 1 1 2 0 2 0 0 0 0 1 0 2 2 1 1 0 0 2 2 0 1 2 2 1 0 2 0 0 2 0 1 2 1 2 2 1 0 0 1 2 0 0 2 2 1 1 1 0 0 1 0 0 0 0 1 2 2 1 2 1 0 0 1 1 0 2 0 1 2 1 1 1 2 1 1 1 1 0 2 0 1 0 2 0 0 1 1 2 1 1 1 2 0 0 2 0 2 2 1 0 2 1 1 1 2 1 1 1 1 0 2 0 0 2 2 0 1 1 2 0 1 2 2 2 0 0 1 2 1 0 1 1 2 0 1 2 2 0 2 0 2 2 2 1 2 0 2 2 1 1 1 1 1 2 0 0 2 1 0 1 0 1 0 2 2 0 0 2 2 2 2 0 0 1 0 0 1 0 0 0 1 0 1 0 0 2 2 2 2 0 2 2 2 0 2 0 2 1 0 2 2 2
646
0 1 2 0 1 0 1 0 0 1 0 2 0 1 0 2 0 0 2 2 0 0 1 0 1 2 1 1 0 0 2 0 2 2 2 1 2 2 0 1 2 2 2 0 0 1 2 2 0 1 2 1 0 2 1 1 2 2 2 1 0 1 0 1 0 1 0 1 1 1 1 1 1 1 1 0 2 0 2 0 2 1 1 2 2 0 0 0 1 2 1 0 1 1 1 1 2 2 1 1 2 0 0 0 1 1 1 2 0 2 2 0 2 0 0 0 0 2 2 1 2 0 2 0 1 1 0 2 1 2 2 0 2 0 2 0 1 1 2 2 2 1 0 2 0 0 0 1 1 1 2 1 1 1 0 1 2 1 2 2 0 2 1 0 1 2 2 2 0 1 0 0 0 2 2 0 1 1 2 0 2 0 2 0 0 0 0 2 1 0 2 0 2 1 1 0 0 1 0 0 0 2 2 2 1 0 1 2 2 0 1 1 0 1 2 2 1 2 2 2 2 0 2 0 1 1 1 0 1 1 0 2 2 2 1 2 0 0 2 0 2 1 0 1 0 0 2 1 0 1 1 1 2 1 2 1 2 2 2 2 2 2 2 2 1 1 2 2 0 1 0 0 0 1 2 2 1 1 0 0 1 2 0 2 1 1 0 1 1 1 0 1 0 0 0 2 2 2 2 0 0 2 2 0 0 1 1 2 2 1 0 2 0 2 1 2 1 2 0 2 1 0 0 0 1 0 1 2 1 2 0 2 0 0 1 2 0 2 1 2 2 2 1 1 1 2 1 0 1 2 2 2 0 0 2 1 2 0 0 2 1 2 0 2 0 0 0 0 0 2 2 0 2 1 1 0 1 1 1 1 1 1 1 0 0 1 0 1 1 0 0 1 1 1 1 1 0 1 0 1 0 1 1 2 1 1 1 2 1 0 2 2 2 1 2 0 0 1 2 0 1 0 1 0 1 2 1 1 1 2 1 1 0 1 0 2 2 2 0 0 0 1 2 1 0 0 2 2 0 2 2 0 2 1 2 2 2 1 1 1 1 1 1 2 2 1 0 2 2 2 1 1 2 2 0 2 1 2 1 1 0 1 1 0 1 2 2 2 1 1 2 0 2 2 0 0 0 2 0 2 2 2 1 1 0 0 1 1 2 0 2 1 1 1 0 2 1 0 1 1 0 1 2 0 1 0 0 0 0 0 2 0 0 1 0 0 2 0 2 2 2 0 1 0 2 2 2 2 0 1 1 1 1 0 0 2 1 0 0 1 1 0 1 2 0 1 2 2 0 2 2 2 0 2 2 0 2 1 0 0 0 1 0 0 2 1 0 2 2 1 2 2 0 1 1 0 0 1 1 1 2 1 0 2 2 0 0 2 2 1 2 0 2 2 1 2 2 0 2 2 2 1 0 2 2 2 1 1 2 1 2 2 1 1 1 0 0 0 1 2 1 2 1 2 0 0
198
0 0 2 2 0 1 1 2 2 1 2 1 1 1 1 0 0 1 0 0 0 0 1 1 1 2 2 0 2 2 0 0 2 2 2 0 0 0 2 0 2 1 0 0 1 1 1 0 2 2 0 0 1 0 1 2 0 1 1 2 1 2 2 0 1 2 2 0 1 0 2 1 2 2 0 2 2 0 0 1 2 0 2 1 2 1 2 1 2 0 1 2 2 1 1 0 2 0 1 0 1 2 2 0 2 0 0 0 1 1 0 0 2 1 2 1 1 1 0 1 2 0 0 2 0 0 1 0 2 2 2 0 1 2 1 2 2 0 2 1 1 2 0 2 0 2 1 1 0 0 1 2 2 0 1 0 1 2 0 2 2 2 0 1 0 0 2 0 2 1 2 0 1 2 0 2 1 2 0 0 1 0 2 1 0 1 2 0 1 1 1 0 1 2 1 1 0 2
615
1 1 1 2 1 0 1 2 2 2 1 0 1 2 0 2 1 0 1 1 1 1 1 0 2 0 0 0 1 0 1 0 1 1 2 0 0 0 0 1 1 2 1 1 2 0 2 2 1 0 2 1 0 1 0 2 2 0 2 0 1 0 2 0 0 0 2 0 1 2 1 0 1 0 1 0 0 1 0 0 2 1 2 0 0 1 0 1 0 2 2 0 0 1 2 2 2 0 2 1 2 1 2 0 0 2 1 1 2 1 1 1 1 0 0 1 0 0 2 1 1 0 0 1 0 0 2 0 2 0 2 1 0 0 2 0 0 0 1 0 2 1 2 1 2 0 2 0 0 0 0 2 0 0 2 0 0 0 1 2 2 1 1 2 2 2 0 2 1 2 1 1 0 1 0 2 2 1 0 1 0 2 0 0 0 0 1 0 1 2 2 2 0 0 1 2 0 2 1 2 2 0 1 0 2 1 0 1 1 2 1 2 1 1 2 2 2 0 1 2 2 0 0 2 2 0 0 1 0 0 0 2 0 2 0 0 1 2 0 1 0 0 0 1 1 1 0 2 0 0 0 1 0 0 1 1 0 0 1 1 0 1 2 0 0 0 1 1 2 0 1 2 1 0 0 2 2 2 1 2 2 0 2 2 2 0 2 1 2 0 2 1 1 2 2 1 2 2 0 0 1 0 1 0 0 0 1 1 2 1 0 1 1 1 0 0 0 2 2 1 2 0 1 0 0 0 2 0 2 0 1 1 1 1 2 0 2 1 1 2 1 2 2 1 2 1 2 0 0 1 0 2 1 0 2 0 1 0 0 2 2 0 2 1 1 1 0 0 0 2 0 1 1 0 1 0 1 0 2 2 1 1 0 0 2 0 0 1 0 1 1 2 0 1 2 2 0 2 0 0 0 0 0 0 1 1 1 2 0 0 2 0 2 0 1 0 0 0 1 0 2 2 2 0 1 2 0 0 1 1 1 2 0 2 1 1 1 0 2 0 1 2 2 2 1 1 1 1 1 2 1 1 0 1 2 0 1 2 2 2 2 1 0 1 2 1 1 1 2 2 2 1 0 0 2 0 0 1 2 0 0 2 2 2 0 1 2 2 1 0 1 1 1 0 1 1 0 2 0 1 1 1 2 2 2 2 2 0 0 2 0 0 0 1 2 0 1 2 1 1 1 2 0 2 0 0 2 1 0 2 0 1 1 2 1 0 1 1 2 1 0 0 2 2 1 0 1 0 1 2 1 0 0 1 2 0 1 0 2 0 2 0 2 1 2 2 0 2 0 2 1 0 0 0 0 1 0 2 0 2 1 2 2 1 2 0 0 0 2 0 0 2 1 2 0 2 1 2 0 0 2 0 0 2 0 1 0 1 2 1 2 0 1 1 1
600
0 2 2 2 1 1 2 0 1 1 0 2 2 0 1 2 2 2 1 2 1 1 0 1 1 1 0 0 0 2 0 2 0 1 2 0 2 0 0 1 1 2 1 2 1 1 0 2 2 1 2 1 1 2 2 2 1 2 2 2 0 1 2 1 0 0 2 0 2 0 0 0 2 2 1 1 1 0 1 0 2 2 1 1 1 2 2 0 2 2 0 1 1 1 1 1 2 1 2 0 2 0 2 1 0 0 2 2 1 0 1 2 2 0 2 1 2 0 0 0 0 2 0 2 1 0 0 1 2 1 1 2 2 1 2 2 1 0 0 0 2 1 0 1 2 1 2 0 2 1 1 1 0 0 0 0 2 2 0 1 0 0 2 2 0 0 1 2 1 0 0 2 2 2 2 0 2 0 0 0 2 2 1 1 0 1 1 0 0 1 2 2 0 2 2 0 1 1 2 0 2 1 0 2 0 1 1 2 0 2 1 2 1 2 0 1 2 1 1 1 0 2 1 0 2 0 1 1 1 1 2 0 2 0 0 1 0 2 2 0 0 1 0 1 2 2 1 0 2 2 2 2 2 0 1 1 1 2 2 0 0 2 2 2 2 0 1 2 1 2 0 0 2 0 1 2 0 0 0 0 1 0 0 0 1 0 2 1 1 2 1 0 1 0 0 0 1 0 2 1 0 1 1 1 0 2 0 1 2 0 0 2 2 1 1 0 2 1 0 1 0 1 1 1 0 1 1 1 2 0 2 0 1 2 0 0 1 1 1 2 0 1 1 1 2 2 2 1 2 2 1 1 1 2 2 1 1 0 2 2 0 1 2 1 2 0 1 0 2 1 2 0 0 2 2 2 1 0 2 1 2 0 1 2 2 0 2 1 1 0 2 1 1 2 2 0 2 2 2 0 2 1 1 0 1 0 1 1 2 1 0 2 0 1 0 0 0 1 0 2 1 1 0 1 0 0 2 2 0 0 1 0 0 0 2 2 0 1 1 0 0 2 1 1 2 2 1 0 2 0 2 2 0 1 1 0 0 2 1 0 0 0 1 1 1 0 1 1 0 2 0 0 1 0 2 2 0 1 1 2 2 2 0 0 0 2 1 0 1 2 2 0 1 2 2 0 2 1 0 0 0 1 1 2 1 1 1 2 2 0 2 2 2 0 2 2 2 1 1 2 1 1 1 2 2 0 0 2 2 0 1 0 1 2 2 1 1 0 1 2 1 0 2 1 1 1 1 1 2 0 0 2 2 0 1 0 1 2 0 2 0 1 1 1 0 1 1 2 0 0 2 2 0 0 0 1 2 2 2 0 0 2 0 1 1 0 1 0 2 2 0 2 2 0 2 0 1 0 0 1
44
1 1 1 1 2 1 0 1 2 2 2 0 1 1 0 2 2 1 1 2 2 0 2 0 1 1 2 1 1 2 1 1 2 0 1 1 1 2 1 2 0 1 2 2
500
1 0 1 1 1 2 0 0 1 1 1 1 0 1 1 1 1 0 1 0 2 1 0 1 1 0 2 2 0 1 2 1 1 2 0 1 0 2 1 0 0 2 1 2 1 1 1 2 2 0 0 1 1 0 0 1 2 2 1 1 0 2 2 2 0 1 2 1 0 2 1 2 2 2 2 1 0 0 1 2 0 0 1 0 2 2 2 2 2 1 1 2 2 0 0 0 2 2 2 2 1 2 2 2 0 2 0 2 0 1 0 2 0 0 2 0 2 1 2 1 2 0 2 1 1 0 0 0 1 2 0 2 1 1 2 0 0 0 1 1 2 1 1 1 1 2 2 0 2 2 1 0 0 2 2 2 2 1 1 1 1 1 1 1 1 2 2 0 2 0 2 2 1 2 2 0 0 1 1 2 0 0 1 2 1 2 2 0 1 0 2 0 1 1 1 0 1 2 2 1 1 1 0 0 2 2 0 0 1 1 0 1 1 0 0 1 1 1 2 2 1 0 2 2 2 1 1 0 1 1 2 0 0 0 2 1 1 2 1 2 2 1 0 0 0 1 0 2 0 1 1 0 1 1 2 2 0 0 0 2 2 1 1 1 0 1 2 0 1 2 1 2 1 0 2 0 1 0 1 2 0 0 1 0 2 1 2 2 1 1 2 0 1 2 1 0 2 1 0 2 2 0 2 1 2 2 2 1 2 2 1 1 2 0 1 0 0 0 2 0 0 2 2 2 0 1 0 2 2 0 2 0 1 1 2 1 0 2 2 2 0 1 1 0 0 0 1 1 0 0 0 0 0 1 0 2 2 2 2 2 0 1 2 2 2 2 2 0 0 2 1 0 2 1 1 2 1 0 1 0 0 0 1 0 2 0 0 2 1 2 0 1 1 0 1 2 2 0 0 2 0 0 0 1 0 2 0 1 0 1 2 1 2 2 0 0 1 0 0 2 1 1 1 2 2 1 1 0 0 2 0 1 2 0 1 1 2 1 2 2 2 1 0 1 2 0 2 2 2 1 2 2 2 2 1 0 1 1 0 2 1 1 1 1 0 2 0 2 0 1 2 1 2 0 2 2 0 1 1 2 0 1 0 2 1 1 0 1 2 2 1 0 2 1 1 1 2 0 0 2
13
2 2 1 0 0 1 2 2 2 2 0 0 0
942
1 2 0 1 1 2 1 0 2 0 2 2 1 0 0 1 1 1 0 0 1 1 2 1 0 2 1 1 0 0 1 0 1 0 0 1 2 2 2 1 0 2 0 2 1 2 1 0 0 0 0 2 0 0 2 0 0 0 1 2 0 1 0 2 2 1 0 1 1 1 2 0 0 2 0 1 1 1 1 2 2 0 2 0 0 0 0 2 0 2 0 1 1 1 0 0 0 0 1 2 2 1 2 2 1 1 0 1 1 0 1 0 1 2 1 1 1 1 0 0 0 2 1 1 0 1 2 1 0 2 0 0 2 2 2 0 1 0 1 0 0 0 0 0 2 1 2 2 1 2 1 0 0 1 1 1 2 1 2 1 2 1 1 2 2 0 2 2 0 1 1 2 1 0 0 2 2 1 1 1 0 1 1 1 2 1 1 0 1 1 2 2 0 2 1 1 2 1 1 1 1 0 2 0 1 2 2 2 2 0 2 2 1 0 2 1 2 2 2 1 1 0 0 2 0 1 2 2 2 1 2 2 0 1 0 0 0 2 1 1 2 1 2 2 1 2 0 0 2 0 1 1 1 2 0 2 2 1 0 1 0 0 0 0 2 0 2 1 0 2 2 1 1 1 0 1 0 1 1 0 2 0 1 1 2 2 2 2 0 1 0 0 1 1 1 0 2 0 1 2 2 1 0 2 1 0 0 2 1 1 1 0 0 1 1 0 2 0 0 1 2 0 1 2 1 1 0 0 1 1 0 1 1 2 1 2 0 0 1 0 1 2 2 1 0 0 0 1 0 2 2 2 1 0 0 1 2 1 2 1 1 1 0 2 1 2 1 2 0 1 1 0 0 2 1 1 1 2 2 0 0 1 1 0 2 0 2 2 2 1 2 1 0 1 1 1 0 1 1 1 0 0 0 1 1 2 2 0 0 1 1 0 2 1 2 1 1 0 0 0 2 0 0 2 1 1 2 2 2 2 2 1 0 1 0 1 0 1 2 0 0 1 0 0 2 0 1 0 0 2 2 2 2 2 1 1 1 0 2 2 2 2 2 1 1 0 2 2 1 2 2 0 2 0 2 1 1 0 1 1 0 0 0 2 2 2 2 2 1 0 1 2 0 2 1 1 0 1 2 1 0 1 2 0 0 0 1 1 2 2 2 1 2 2 1 1 0 1 0 0 1 1 1 1 1 1 0 2 0 1 0 1 0 1 2 0 2 2 0 0 0 2 0 2 0 2 2 1 0 0 2 2 1 0 1 2 0 1 0 2 2 1 1 2 1 0 1 0 2 0 0 2 2 2 0 2 2 2 0 2 0 1 2 2 2 1 2 0 0 2 0 2 1 2 1 0 2 1 2 1 2 1 2 1 0 2 1 2 2 1 1 0 0 0 2 1 2 0 0 1 0 1 1 0 0 0 2 2 2 1 2 0 0 1 0 1 1 2 0 0 0 0 0 1 2 2 1 0 0 0 0 0 1 0 2 1 1 0 0 2 0 2 1 0 2 2 1 2 0 2 2 0 0 1 1 0 0 1 2 0 0 2 0 1 2 0 2 1 1 1 0 2 1 2 1 2 2 2 1 0 1 2 1 1 0 2 1 0 0 2 2 2 1 0 0 1 2 2 0 1 2 0 2 1 2 1 1 2 0 0 1 2 2 2 2 0 1 1 1 2 1 1 0 2 1 1 2 1 0 2 2 1 0 0 1 2 0 1 0 2 0 1 1 2 1 0 0 2 0 0 2 0 1 0 2 1 1 0 0 0 2 2 1 1 2 1 1 0 2 0 2 0 1 0 2 1 0 2 0 0 1 1 0 2 1 1 2 0 0 0 2 2 2 1 1 0 2 2 1 2 0 0 0 2 1 1 1 0 0 1 2 2 2 1 1 0 0 1 1 2 0 1 1 0 1 0 1 2 0 1 0 2 2 1 1 1 0 2 2 2 1 2 1 2 1 2 2 0 2 1 2 1 2 0 1 2 2 2 2 0 1 1 1 2 2 1 0 0 2 1 2 1 1 0 1 1 2 0 2 2 1 0 1 2 0 1 2 1 2 2 2 2 1 1 0 2 0 0 0 2 2 1 1 0 0 2 2 2 2 2 0 2 1 0 1 0 2 2 1 1 0 2
435
0 1 0 2 2 0 0 2 0 2 0 1 0 1 0 1 2 2 1 1 0 0 1 0 0 1 2 1 1 0 1 2 0 0 0 2 1 1 1 2 0 0 1 0 0 0 0 2 1 0 2 1 0 0 1 2 2 1 1 1 1 1 1 2 0 1 1 2 2 0 1 0 0 1 0 0 0 2 2 1 2 0 2 0 2 1 1 0 0 1 2 2 2 1 2 0 2 0 2 0 2 1 0 0 2 1 1 1 1 0 0 2 2 1 0 1 2 2 2 2 2 1 1 0 1 1 0 1 2 0 2 1 0 1 2 2 1 0 0 2 2 2 1 1 2 2 1 2 2 1 1 2 2 0 2 2 2 1 1 1 1 2 2 0 2 1 2 1 2 1 1 2 1 2 2 2 0 1 2 1 1 1 2 1 2 1 2 1 1 0 2 2 0 1 2 2 2 0 0 0 1 1 2 1 0 0 2 2 0 2 0 1 2 1 1 2 1 0 2 2 0 0 2 0 2 1 2 1 2 1 1 2 2 1 0 0 0 2 2 1 2 1 1 0 2 0 2 2 0 1 2 0 0 1 0 1 0 1 2 2 1 2 0 2 0 2 2 2 2 1 1 2 1 0 0 0 0 0 0 1 0 2 0 2 1 1 2 2 1 2 1 0 1 1 2 0 0 1 0 0 0 1 0 2 2 0 0 0 1 1 1 0 2 0 2 0 2 1 0 1 0 0 2 1 0 1 2 2 0 1 2 0 2 1 0 1 0 0 0 1 1 0 0 0 2 2 2 2 1 1 0 2 2 0 1 1 0 1 0 2 0 0 1 2 0 0 1 2 2 1 2 0 0 0 2 1 0 0 1 1 0 0 1 0 2 0 2 2 0 1 2 0 0 1 0 0 0 2 1 2 1 0 1 2 0 0 1 1 2 2 0 0 0 0 0 2 1 2 0 2 0 1 1 2 1 1 2 0 1 0 0 2 2 2 2
344
0 2 0 1 0 0 0 1 0 0 0 0 2 0 0 0 2 2 0 1 2 0 2 0 1 1 2 0 0 0 0 1 1 0 1 0 1 2 1 2 2 2 2 2 1 1 2 1 1 2 1 0 2 0 1 1 0 0 0 0 2 1 2 1 1 0 1 1 0 2 2 1 1 0 1 0 2 1 1 0 2 1 1 1 2 2 0 2 2 0 0 2 2 0 0 2 1 0 2 0 2 1 1 0 0 1 2 0 0 0 2 1 2 2 0 1 1 1 0 0 1 0 2 1 0 0 1 0 0 2 1 0 2 1 1 2 0 2 1 2 0 0 0 0 0 1 0 1 2 2 0 0 2 2 0 1 2 0 0 0 2 1 1 0 0 2 0 1 0 1 0 1 2 0 1 2 1 1 0 2 1 2 2 2 0 1 1 1 1 0 1 2 0 0 1 0 1 1 2 1 0 1 2 0 0 0 0 1 2 0 0 0 0 0 1 1 1 0 0 2 2 2 0 2 2 0 0 1 0 0 1 1 1 1 1 0 1 0 0 1 0 1 2 1 0 1 1 2 0 1 0 0 0 1 0 2 1 2 1 1 0 0 0 2 2 2 0 2 2 1 2 2 1 2 1 2 1 0 0 2 0 0 0 0 0 2 0 1 2 2 1 1 2 2 2 0 0 2 2 0 2 1 2 1 1 1 0 2 1 2 1 0 0 2 0 2 1 2 0 0 2 1 2 2 1 2 1 2 2 1 0 0 0 1 1 0 2 0 2 0 1 2 2 2
65
1 2 1 2 0 1 2 0 1 1 2 2 2 0 1 2 0 0 0 2 0 1 0 0 2 1 1 0 1 0 0 2 1 0 2 1 1 2 2 0 0 0 2 1 1 1 1 1 0 0 2 2 0 2 1 1 2 0 1 2 0 2 2 0 1
744
0 1 1 1 1 1 2 1 1 1 0 1 2 2 2 1 1 2 1 0 0 0 2 1 1 0 2 2 0 2 0 2 1 1 2 1 1 2 2 1 0 1 0 1 1 0 1 2 2 0 1 0 0 0 2 2 0 1 0 0 2 2 0 1 0 0 0 2 1 0 2 1 1 1 0 2 1 2 1 0 1 0 1 0 0 0 1 2 1 0 0 1 0 2 0 2 1 0 0 0 2 1 1 2 2 0 0 2 0 1 1 1 2 1 2 2 2 2 2 1 0 1 1 1 1 2 2 1 2 0 1 1 2 1 2 0 2 2 2 1 0 1 2 2 1 0 2 2 2 1 0 0 0 1 1 1 2 2 2 0 1 0 0 1 1 0 1 2 0 1 1 1 0 2 0 0 2 2 0 0 1 1 0 2 0 1 0 0 1 1 0 0 1 2 0 0 2 0 0 1 2 2 1 1 2 1 1 0 0 1 0 2 0 1 0 2 0 0 2 0 2 0 0 2 0 2 0 0 0 2 1 1 2 0 2 1 2 1 1 1 0 1 2 1 0 2 0 0 2 0 0 0 0 1 2 0 0 2 2 2 2 2 0 1 2 1 1 2 1 0 0 0 1 0 0 1 1 1 2 0 0 0 2 2 1 2 0 0 1 2 2 1 2 2 0 1 2 0 0 0 2 1 2 2 1 0 0 0 2 1 2 1 0 0 2 1 1 0 2 2 2 2 0 2 0 2 2 0 2 2 0 0 0 2 2 2 2 1 2 2 2 2 1 0 0 1 1 2 1 1 1 0 0 1 2 2 0 2 1 1 1 0 0 1 0 2 2 0 0 0 1 0 1 2 1 2 0 1 1 2 2 2 1 2 0 2 0 1 2 0 0 0 1 2 0 0 0 1 2 1 0 1 1 2 2 0 1 1 2 0 0 0 2 0 2 2 2 1 0 1 1 0 1 0 2 0 0 0 0 1 2 0 1 2 0 0 1 2 2 0 1 2 1 1 2 0 1 2 0 1 1 2 1 1 2 0 1 2 2 2 2 1 2 1 1 1 1 2 1 0 2 1 1 1 0 0 2 0 1 1 1 0 2 2 2 2 2 0 0 1 2 0 0 0 0 1 1 1 0 1 1 2 0 0 1 1 1 2 2 0 2 0 2 0 2 2 0 2 1 2 2 1 1 2 0 1 2 2 1 0 2 0 2 0 0 2 0 2 0 2 0 2 0 2 0 0 0 1 2 1 0 1 1 1 1 1 1 2 2 2 0 1 2 0 1 1 0 2 2 1 0 0 2 0 2 1 0 2 1 0 2 2 0 1 2 2 0 1 0 0 0 2 1 0 1 2 1 0 1 2 0 1 0 1 2 0 1 2 2 1 2 2 2 2 2 0 0 1 1 1 1 0 2 0 1 1 1 2 0 2 1 0 1 1 1 0 0 2 2 2 0 1 2 2 1 1 0 0 0 1 0 0 1 1 2 1 1 2 1 2 1 2 0 2 2 2 2 0 2 0 1 2 2 0 1 1 2 1 2 0 0 0 2 1 2 1 2 1 2 2 2 0 1 0 0 2 0 2 0 2 2 0 2 0 1 2 1 2 1 2 1 0 0 1 1 2 0 0 2 0 1 0 0 2 0 0 1 2 2 2 1 1 1 1 0 0 2 2 0 2 2 2 1 1
172
2 2 0 0 2 2 2 1 2 1 2 1 2 0 1 0 0 0 1 0 0 2 0 0 1 0 1 0 2 0 2 2 0 0 0 0 0 1 2 0 1 2 2 2 1 0 2 0 1 2 1 0 1 2 0 0 0 1 2 1 1 1 0 0 1 2 2 2 1 0 0 0 1 2 2 0 0 0 1 1 1 0 0 2 1 1 1 0 2 2 0 0 0 1 1 1 2 1 2 0 0 1 0 2 2 0 1 1 2 2 1 0 0 1 2 1 2 1 2 0 1 1 0 2 0 1 2 0 0 0 0 0 0 1 2 2 2 0 0 1 2 1 0 2 1 1 1 1 2 1 2 2 2 2 0 0 0 2 1 2 1 0 2 2 1 2 0 1 2 1 0 0
180
2 2 1 2 1 0 1 2 0 1 2 0 1 1 0 1 0 0 2 0 0 0 0 0 1 1 0 0 0 1 1 2 0 2 2 1 2 1 1 2 2 0 1 1 2 1 0 1 1 2 2 2 2 2 1 0 0 0 2 1 1 0 1 1 2 2 0 1 1 1 0 1 1 0 1 1 0 1 0 1 0 0 1 0 2 2 2 1 2 1 2 0 0 0 0 0 0 0 0 2 2 0 0 1 0 2 0 0 2 2 1 1 2 2 0 0 1 2 2 1 1 0 1 2 0 2 0 0 0 2 0 0 2 0 1 0 2 1 1 2 0 1 0 0 0 2 1 2 2 0 1 0 2 0 1 0 0 2 0 1 2 1 2 1 0 1 1 1 0 0 1 0 1 1 2 1 2 0 1 2
725
0 0 1 2 0 0 0 1 1 1 1 1 0 1 0 2 0 0 1 1 2 2 2 0 0 0 2 1 0 0 0 0 1 2 0 2 0 1 2 1 2 2 2 0 0 1 0 2 1 1 0 1 1 2 2 2 1 0 0 0 2 2 1 0 1 0 1 0 0 1 0 2 1 1 2 0 2 0 1 2 2 0 2 2 0 0 2 1 1 2 1 2 2 0 0 2 2 2 0 1 1 2 0 0 0 1 0 1 0 2 1 1 1 2 2 0 1 2 2 1 0 2 0 0 0 0 1 0 1 1 1 1 2 0 0 2 2 0 0 2 2 1 0 1 1 1 1 2 2 2 2 1 1 2 2 0 2 2 2 2 2 2 0 0 1 1 1 0 1 2 2 2 1 2 1 0 0 1 2 0 0 2 2 2 2 2 0 1 2 2 0 2 2 1 0 2 0 0 1 0 2 1 1 1 1 1 1 2 2 2 2 0 1 2 0 1 2 2 1 2 2 2 2 2 1 1 0 1 1 2 0 1 1 1 0 2 1 2 2 2 1 0 1 1 2 1 2 2 0 2 2 0 0 1 2 0 2 1 1 2 2 2 2 0 0 2 0 1 1 0 1 2 2 2 1 1 2 1 1 1 0 2 0 0 0 0 0 0 0 0 1 2 1 2 2 2 1 1 1 1 1 1 2 2 2 2 0 0 2 1 2 1 2 0 1 2 2 2 1 2 0 2 1 2 1 1 2 1 0 1 0 2 0 2 0 2 2 0 2 1 2 1 2 1 0 0 1 2 0 2 1 0 0 1 0 2 0 1 2 0 2 2 1 1 2 0 2 2 0 1 2 2 2 2 2 2 0 0 0 2 0 1 0 1 2 0 2 2 1 1 1 2 1 1 1 2 0 1 2 0 0 2 1 0 1 2 1 0 0 0 2 1 2 0 1 2 1 2 0 1 0 1 0 1 0 2 1 2 1 2 0 0 1 0 1 1 2 2 2 2 0 0 1 0 1 2 1 1 1 2 2 0 2 1 2 0 1 2 2 1 1 0 1 2 0 0 1 2 0 0 0 2 2 1 0 1 0 1 0 0 0 2 2 2 0 0 0 0 2 2 0 0 1 2 0 0 0 1 0 0 0 2 0 0 1 2 1 1 0 2 1 2 0 1 0 1 0 1 2 0 0 2 0 1 0 1 1 1 2 0 1 0 0 2 1 1 0 2 0 2 0 1 2 2 2 2 2 0 1 1 2 2 2 2 1 2 1 0 0 0 2 1 2 1 0 0 2 1 0 2 2 0 0 0 1 1 2 2 1 2 2 2 1 0 0 1 1 1 1 1 1 2 2 2 1 1 2 1 0 0 1 1 2 2 1 2 1 0 0 0 0 1 0 0 2 1 0 2 0 1 2 1 0 1 0 1 1 1 2 1 0 2 0 2 0 0 2 1 2 1 0 2 2 0 1 0 0 1 2 1 1 0 2 0 0 0 1 1 0 1 2 1 1 1 0 0 1 1 2 1 2 2 0 0 2 1 0 1 0 2 0 2 0 0 1 1 1 1 2 2 0 0 1 2 2 1 1 1 1 1 2 2 1 1 1 2 1 1 0 0 2 0 1 0 0 0 2 2 0 0 2 0 2 0 0
402
1 2 1 0 2 1 0 2 2 2 0 2 0 0 0 1 1 2 2 0 0 2 2 1 1 1 2 0 0 2 0 1 1 2 1 1 2 1 0 1 2 1 1 0 0 2 1 2 0 2 1 2 0 1 0 1 2 0 0 0 0 2 0 1 1 2 0 0 1 1 0 2 1 2 0 0 2 0 0 2 1 2 1 1 2 2 1 1 1 0 2 2 1 0 2 0 2 1 2 0 1 2 1 0 1 2 1 1 2 1 1 0 2 0 0 0 0 0 2 0 2 1 0 0 1 0 0 2 2 1 1 1 0 0 1 2 2 1 0 2 2 2 2 0 1 1 0 0 0 2 1 2 0 0 2 1 0 1 2 2 0 2 1 1 0 2 1 2 2 2 1 0 1 1 2 1 0 0 1 0 1 0 2 0 2 0 0 2 2 0 0 2 1 1 2 0 1 1 2 2 0 2 1 1 0 0 0 1 0 0 2 0 0 0 0 1 2 2 1 1 0 1 0 1 1 0 2 1 1 2 0 2 0 0 2 1 2 0 0 2 2 0 2 1 2 0 1 2 0 1 0 2 0 0 2 1 0 0 2 0 1 1 0 0 0 2 0 1 2 0 2 0 2 0 2 0 2 1 1 1 1 1 2 1 1 1 2 1 2 2 1 2 1 0 2 1 2 2 1 1 2 1 0 1 1 1 1 0 1 1 0 0 2 0 2 0 0 2 1 2 2 1 2 2 2 0 2 1 2 2 0 2 0 1 1 1 0 1 1 2 2 2 1 1 2 0 2 1 1 1 0 1 0 1 0 2 2 0 0 2 2 0 2 1 2 2 2 1 2 1 0 1 0 1 2 1 1 0 2 0 1 0 1 1 1 2 1 1 0 1 0 0 1 0 0 2 2 0 0 0 1 2
743
0 2 1 0 2 2 0 1 1 0 0 2 0 2 1 2 0 0 0 2 2 0 2 0 1 1 2 2 1 1 0 1 0 1 1 0 1 0 0 2 0 2 0 0 0 0 0 0 0 0 2 2 0 1 0 1 2 1 2 0 0 2 0 1 2 1 0 0 0 2 0 0 0 2 0 1 2 1 0 2 1 2 2 1 0 1 0 1 2 1 2 1 1 1 0 2 2 1 0 1 0 0 2 2 2 2 0 2 0 2 2 2 1 0 1 0 1 0 2 1 2 1 2 1 0 1 0 1 0 2 2 1 1 1 1 0 2 1 1 0 2 2 2 0 0 1 0 0 0 0 2 2 0 1 2 2 2 0 0 1 0 0 1 1 1 1 0 2 1 0 2 0 2 2 2 2 1 2 2 1 2 0 2 2 0 0 0 2 1 1 0 2 1 2 0 0 0 2 2 2 0 2 0 0 2 0 2 1 1 2 2 1 1 1 1 2 1 2 0 1 2 1 2 0 0 1 0 2 1 2 2 1 0 1 0 1 2 2 0 0 2 1 1 1 1 1 2 2 0 1 0 2 0 2 1 0 2 2 0 0 1 0 1 2 2 1 1 0 0 1 1 1 2 0 2 2 0 0 2 2 1 0 1 1 2 1 0 1 0 1 2 1 1 2 2 1 0 1 1 1 2 1 2 0 1 1 2 1 0 2 0 1 0 0 2 2 1 1 1 1 1 2 2 1 0 1 2 2 1 2 1 2 0 1 2 1 1 2 0 2 2 1 1 2 2 0 2 2 2 2 1 2 1 1 2 0 0 0 1 0 0 1 2 1 1 2 0 0 2 0 1 1 2 0 1 1 2 1 1 2 2 1 1 0 0 2 2 2 2 0 1 1 0 1 1 1 1 2 0 2 2 1 0 2 0 0 2 0 2 1 0 1 2 1 1 2 1 2 0 1 0 0 0 2 2 1 1 1 0 0 0 1 2 2 2 0 2 1 2 2 0 2 2 1 0 2 2 2 2 0 1 2 1 0 1 2 1 2 1 2 2 2 2 0 0 2 0 2 2 0 0 0 2 0 1 2 1 0 1 2 2 1 2 0 2 2 2 1 0 1 2 2 0 2 0 0 0 1 2 2 2 0 0 1 1 2 0 0 1 2 0 0 1 0 2 0 2 1 1 1 1 0 2 0 1 1 1 1 1 1 0 2 0 2 2 1 2 0 0 2 0 2 2 2 2 2 1 0 0 2 2 1 0 0 1 1 0 0 2 2 2 1 2 1 0 2 1 0 2 2 0 1 1 2 2 2 2 0 2 1 2 2 0 1 0 1 0 1 2 1 1 1 0 1 1 0 1 1 1 2 0 0 0 2 2 2 0 1 2 0 0 2 0 0 1 0 0 0 0 1 2 0 2 1 1 0 1 1 1 2 1 1 2 2 1 2 1 2 0 2 1 2 0 0 0 0 2 2 0 0 1 2 0 0 2 2 1 0 2 0 0 0 0 2 0 1 1 0 0 1 1 1 2 1 1 2 0 1 2 2 2 2 0 1 1 2 1 2 0 1 0 1 0 1 1 0 0 1 1 0 2 1 0 2 1 0 0 2 1 0 1 2 0 0 0 0 2 2 0 1 2 1 1 2 2 0 2 2 0 0 0 2 1 0 1 1 0 2 0 2 2 0 1
108
1 0 2 1 0 2 0 2 0 0 1 1 2 2 0 0 1 0 0 1 2 2 1 0 0 0 0 2 1 1 0 0 2 0 0 0 2 0 2 1 0 0 2 1 1 2 2 2 2 2 1 1 2 0 2 2 0 0 0 1 1 1 0 2 2 2 2 1 1 1 0 1 0 0 2 0 0 1 1 0 2 0 2 1 0 2 0 2 2 0 0 2 2 2 0 1 2 2 1 0 2 1 1 1 2 1 2 0
763
0 1 2 1 1 2 0 2 1 2 2 2 2 1 0 2 0 1 2 2 1 1 0 0 2 0 1 0 0 0 0 0 2 0 0 2 2 0 2 1 0 0 1 0 1 1 2 2 0 0 1 1 2 2 0 0 1 0 0 2 1 0 2 0 0 2 0 2 1 0 0 2 2 0 1 0 2 1 2 2 2 1 0 2 1 0 2 2 0 0 0 1 1 2 1 2 1 2 1 2 2 2 1 2 0 2 0 2 1 0 0 1 0 1 2 0 2 1 2 2 1 2 0 2 1 1 1 0 0 2 2 1 0 0 0 2 1 1 0 0 2 0 0 0 0 0 0 0 0 2 1 2 1 1 2 2 1 0 1 0 1 0 0 0 0 2 2 2 1 2 0 1 2 0 2 0 2 0 2 1 0 0 0 2 2 2 0 1 1 0 0 1 0 1 1 1 0 0 1 0 1 0 0 0 0 0 0 1 0 1 0 2 0 2 1 2 1 0 0 0 2 0 2 1 0 0 1 0 1 2 0 0 1 1 1 0 2 1 0 1 2 0 2 2 0 2 2 1 1 0 0 0 2 0 0 1 0 2 2 0 0 0 1 2 0 2 0 1 1 2 0 1 2 0 0 1 0 2 2 2 0 2 0 0 1 2 0 1 1 1 2 1 1 0 1 2 0 0 0 1 0 0 0 0 1 1 0 0 2 0 0 1 1 2 0 0 0 0 0 2 2 2 0 0 1 0 2 0 0 2 0 1 0 2 2 2 0 2 2 0 1 1 0 2 0 2 1 0 2 0 2 2 1 2 1 2 0 0 1 2 0 1 2 2 2 0 2 2 1 1 2 2 0 0 1 2 0 2 1 1 1 2 1 2 1 2 1 0 2 1 2 0 1 0 0 1 0 2 1 2 2 2 1 1 1 2 0 1 2 2 2 2 1 0 2 0 0 1 2 0 2 2 0 0 0 1 1 2 0 0 1 0 2 1 0 0 2 0 2 0 2 0 0 1 0 0 2 2 1 2 1 1 1 1 2 2 2 2 0 0 2 0 0 2 2 2 0 1 0 1 1 0 0 1 1 0 0 2 2 0 1 1 1 2 2 1 0 2 2 0 0 2 1 2 2 2 1 0 1 2 0 2 2 0 2 2 0 0 1 0 2 0 0 0 2 0 2 0 1 1 1 1 2 1 2 1 1 2 1 1 2 2 0 1 1 2 1 1 2 0 2 2 1 1 2 0 1 1 0 1 0 2 2 2 2 1 2 2 1 0 1 0 1 0 2 1 0 0 2 0 2 0 1 0 0 0 1 0 1 1 0 2 1 2 1 2 0 0 0 2 0 2 2 0 1 0 0 0 1 0 2 0 0 0 1 2 2 1 1 0 2 0 1 2 1 0 1 2 2 1 0 1 0 1 2 1 2 0 1 1 0 0 2 1 0 2 1 2 0 0 1 0 0 0 2 2 0 0 1 0 2 2 2 2 1 2 2 2 2 2 1 2 1 2 1 1 2 0 2 0 1 0 2 0 2 2 0 2 2 0 2 2 2 1 2 0 0 0 0 2 0 1 2 0 0 2 0 1 1 2 0 0 0 1 2 1 1 2 1 2 1 0 0 1 1 1 2 1 0 2 2 0 0 0 1 0 2 0 1 0 0 0 1 0 2 1 0 0 1 0 2 2 2 1 0 0 2 2 0 1 0 0 2 2 2 0 2 2 0 2 2 1 2
518
0 0 1 1 0 1 2 0 0 1 1 0 0 0 2 1 1 1 0 1 2 0 0 2 2 0 1 0 1 0 2 1 2 2 1 0 0 0 0 1 1 0 0 1 1 1 2 0 0 0 1 2 1 0 1 2 0 1 2 0 1 0 1 0 1 2 2 1 0 2 0 2 1 2 1 2 2 0 0 2 0 0 0 2 1 2 1 2 1 1 0 0 2 2 2 1 0 1 0 0 1 0 2 0 2 1 2 0 1 0 2 2 2 2 0 2 0 2 0 2 1 0 1 0 0 2 1 1 2 2 0 2 0 1 0 0 1 1 2 2 1 2 0 2 2 2 0 2 1 1 0 2 0 2 1 0 1 2 2 0 2 1 1 2 0 0 1 2 2 2 0 1 2 0 2 0 0 2 0 1 2 2 2 1 1 2 2 0 1 0 2 2 2 0 2 2 1 1 2 0 1 1 2 0 0 1 0 2 2 1 0 0 2 1 2 2 2 0 0 2 0 1 0 2 1 1 2 0 0 0 1 2 0 0 0 2 2 1 1 1 2 1 2 1 1 0 0 0 2 0 1 1 0 1 1 1 1 2 0 2 2 0 0 1 2 1 2 2 1 0 2 2 2 1 2 0 2 1 1 0 1 1 0 1 0 0 2 2 0 0 2 2 0 2 1 0 2 0 1 2 1 0 0 0 1 2 2 1 2 1 2 0 0 0 1 1 1 0 1 1 1 2 1 2 2 1 0 0 1 0 2 0 0 2 2 1 0 0 0 2 1 1 0 1 1 0 2 0 1 1 1 0 2 1 0 0 1 2 1 0 2 0 1 2 1 1 2 2 1 2 0 1 1 2 0 0 2 1 1 2 2 0 0 2 2 2 1 0 1 2 0 1 2 2 1 0 0 1 1 1 0 2 0 1 0 2 0 1 0 2 1 0 0 2 1 1 0 0 0 0 0 2 2 2 1 1 1 2 2 0 2 1 2 0 2 1 2 0 1 0 1 1 1 0 2 1 1 2 1 2 1 2 1 0 2 2 1 1 0 2 0 2 1 1 0 2 1 0 0 0 0 0 1 2 1 0 2 2 2 2 2 0 1 1 0 1 2 0 0 1 2 2 0 1 2 1 2 1 1 2 0 1 0 0 1 1 0 1 1 1 2 2 0 1 2 0 0 1
673
2 1 1 0 2 2 1 2 1 2 2 1 1 1 1 1 1 0 0 0 1 2 0 0 0 1 1 0 0 0 2 0 1 1 1 2 1 1 0 0 2 2 2 2 0 1 2 0 2 2 2 2 0 2 2 0 1 0 0 1 0 0 1 2 2 0 0 0 2 2 1 0 0 2 0 2 0 1 1 2 1 1 0 1 2 0 2 2 0 0 0 0 1 2 1 1 0 0 0 1 2 2 0 2 0 1 2 0 0 2 2 1 1 0 1 0 0 2 1 2 1 2 2 1 1 1 1 2 1 0 1 2 0 2 0 0 0 1 0 1 0 2 1 2 0 0 0 1 0 0 0 2 0 1 1 0 0 2 0 0 0 2 2 0 1 0 1 0 0 2 1 1 1 1 1 1 2 0 2 1 2 2 1 2 1 2 1 0 2 1 0 1 1 0 1 0 1 1 2 2 0 1 1 1 1 1 0 0 1 0 1 0 0 0 1 1 0 2 0 0 1 2 2 0 1 0 1 2 1 1 2 2 0 0 2 2 2 1 1 1 1 2 2 0 0 2 1 0 0 0 2 0 1 0 0 2 2 1 2 0 1 2 2 0 0 0 0 1 2 2 2 2 0 2 2 0 1 2 0 0 0 2 2 2 1 2 1 2 1 0 2 1 0 0 1 2 0 1 2 1 1 1 0 1 2 1 0 0 0 0 1 0 2 0 0 1 0 1 0 2 0 1 1 0 2 2 2 0 0 1 0 1 2 0 1 1 1 1 1 1 0 1 1 1 0 1 1 1 2 0 2 2 0 1 1 0 0 2 2 1 0 0 2 1 1 0 2 2 0 2 2 1 0 2 1 2 2 2 1 2 0 2 0 0 2 1 0 1 1 1 1 1 2 0 1 2 1 0 0 0 1 2 2 2 2 0 2 0 0 1 1 0 1 0 2 2 2 0 1 2 2 0 1 2 1 1 0 0 1 2 1 0 2 2 2 2 2 1 2 0 0 1 1 2 0 2 2 0 1 1 2 0 2 2 2 1 0 2 0 0 1 0 0 2 1 2 0 1 2 0 2 0 2 0 0 2 0 2 2 1 2 2 0 2 0 1 0 2 1 0 0 0 1 1 1 1 2 0 2 1 0 2 0 0 0 0 1 0 1 2 2 1 0 2 0 0 1 1 1 0 2 2 1 2 0 1 0 1 1 2 0 2 0 2 1 2 0 2 2 1 1 0 2 0 1 1 1 0 2 0 1 1 2 0 2 2 1 1 1 1 2 0 1 1 2 1 0 2 1 2 1 0 0 2 1 0 0 2 1 2 2 1 2 0 1 0 1 0 2 0 2 2 0 0 1 0 2 0 2 1 0 1 2 1 2 0 0 2 0 0 1 1 2 0 2 1 2 0 0 2 1 2 2 1 1 1 0 0 0 2 0 0 2 0 2 1 0 0 2 1 2 0 2 2 1 2 1 1 1 2 0 1 1 1 0 1 1 2 1 0 2 1 0 0 0 2 1 1 0 2 1 2 1
802
2 2 0 0 2 2 1 0 1 1 0 1 0 2 2 2 1 1 2 0 1 0 2 2 0 1 2 2 1 0 0 1 0 2 2 0 0 2 2 2 1 2 0 0 2 0 0 2 2 1 1 2 1 2 1 2 1 2 0 1 0 2 2 0 2 0 1 1 0 0 2 1 0 2 2 0 2 1 2 0 1 1 0 2 2 2 1 2 0 1 2 2 2 2 2 0 0 0 0 2 2 1 2 2 0 2 0 1 1 2 0 1 0 2 0 0 0 2 0 0 1 2 1 0 2 0 1 2 2 0 2 2 0 2 1 1 0 2 1 0 2 2 1 1 1 0 1 0 0 2 2 1 2 2 2 0 0 1 1 2 0 2 2 2 1 2 1 0 0 0 2 2 2 0 2 1 2 2 2 1 1 2 0 0 0 1 0 0 2 0 1 2 0 0 2 2 1 1 2 0 2 0 2 2 1 2 1 1 2 1 0 0 2 1 2 0 0 0 0 0 1 1 2 2 2 0 1 2 1 2 2 1 0 0 1 0 1 1 0 1 2 2 2 0 1 1 0 2 1 0 1 1 2 0 2 0 0 1 1 2 0 0 0 2 0 1 2 2 1 0 0 2 0 0 0 1 1 0 0 1 2 0 1 0 0 2 2 0 1 0 0 2 0 0 1 1 2 0 2 2 0 1 2 0 2 1 2 0 2 1 2 2 2 0 2 1 2 2 0 0 0 2 0 2 1 2 2 1 0 1 0 2 0 2 2 1 1 0 1 0 1 1 1 1 1 0 1 0 2 2 2 0 0 1 0 2 2 2 2 0 2 0 2 1 0 1 1 2 2 1 0 0 0 1 0 2 2 0 2 0 2 0 0 2 0 2 0 2 2 1 1 2 0 1 1 2 0 0 0 1 0 2 2 2 2 2 0 1 1 1 0 2 0 0 1 2 1 2 1 1 1 2 0 0 1 1 2 0 2 2 2 1 2 0 1 1 0 2 1 2 1 2 0 2 2 2 1 0 0 0 0 1 2 2 2 0 1 0 2 2 1 2 1 1 1 1 0 1 2 0 2 1 1 0 1 1 0 0 1 1 2 1 2 0 2 1 1 1 0 0 1 1 2 0 1 1 0 2 0 2 1 0 1 0 2 0 2 2 2 1 2 0 2 2 2 0 1 0 0 1 2 0 2 0 2 2 0 1 1 0 2 2 1 0 0 0 1 1 1 2 0 1 1 2 1 2 2 2 2 2 1 2 0 0 0 1 0 0 1 0 1 0 0 1 0 0 1 0 0 2 2 0 2 2 1 2 1 0 0 1 0 2 1 0 0 2 0 1 2 2 1 0 2 2 0 2 2 1 2 0 0 0 0 1 1 1 0 2 2 1 0 1 0 0 1 0 1 0 1 2 2 1 0 1 0 1 0 0 0 1 0 0 0 2 0 2 0 2 0 0 0 2 1 2 1 0 1 0 0 0 1 2 0 2 0 2 2 2 1 0 1 2 1 2 1 2 1 0 0 0 1 0 0 0 0 0 0 0 2 0 2 0 0 0 1 2 0 0 0 2 1 2 2 1 0 2 1 2 2 0 0 1 0 0 0 0 1 2 1 1 2 1 0 2 2 0 2 0 1 1 0 0 0 2 1 1 1 2 1 1 0 2 2 0 1 2 1 1 2 1 0 2 1 2 1 0 2 1 1 1 2 2 2 2 1 2 2 2 2 2 2 0 0 2 1 0 1 2 2 0 2 2 0 2 1 1 0 2 2 0 2 2 2 2 1 2 0 0 0 2 2 1 0 0 0 0 1 1 1 2 2 1
514
0 1 2 2 1 0 1 0 0 0 0 1 0 2 0 0 1 2 0 2 2 2 1 2 0 1 2 0 2 1 1 2 2 2 2 0 1 1 0 1 2 0 0 2 0 0 0 1 1 2 1 2 1 0 0 0 2 2 1 0 2 0 2 1 0 2 0 1 2 0 0 0 2 1 1 2 2 2 0 0 0 1 0 0 2 0 2 0 1 2 0 2 2 2 1 1 2 1 0 2 1 2 1 0 2 0 0 2 1 1 0 0 2 2 0 1 2 0 0 2 2 2 2 1 2 1 2 2 1 0 1 1 2 2 2 1 0 0 2 1 0 1 1 2 2 0 1 2 1 1 0 2 2 2 1 2 2 1 1 2 0 2 2 0 1 0 2 1 2 0 1 1 1 1 0 2 2 0 1 1 2 0 1 2 2 1 0 0 0 2 0 1 2 1 0 0 2 2 2 2 1 0 0 2 1 1 2 2 1 1 2 1 2 2 2 1 1 1 2 2 1 1 1 1 1 2 0 0 0 1 1 0 1 1 2 0 1 1 0 2 0 0 2 2 0 1 2 0 0 0 0 0 1 2 1 1 0 2 1 1 2 1 1 0 0 2 2 0 2 1 1 2 2 1 2 0 2 0 0 1 2 2 1 2 2 1 0 2 1 0 0 1 1 0 2 1 1 0 2 1 1 2 1 1 0 0 0 2 1 2 0 1 1 2 1 2 0 2 2 1 2 0 1 0 1 2 2 0 1 2 0 1 0 0 2 0 0 2 0 2 0 1 0 0 1 1 1 1 1 1 1 2 0 2 1 1 1 1 2 1 2 0 1 2 0 2 0 0 2 2 1 0 1 1 2 0 1 0 1 1 0 0 1 2 1 2 1 0 2 0 2 2 0 2 2 1 1 0 2 1 1 1 0 2 1 1 0 2 1 1 0 0 0 1 0 1 0 1 0 1 2 2 0 0 2 1 2 0 0 2 2 1 2 2 2 0 0 2 2 2 1 1 1 2 0 0 1 2 2 1 2 0 0 2 1 1 0 0 1 0 1 1 2 0 1 1 1 1 0 1 1 2 2 0 2 1 2 0 2 2 1 0 0 0 1 2 1 0 0 2 1 1 0 1 0 1 1 0 2 0 0 2 2 2 2 1 2 0 2 2 0 2 1 0
488
1 2 1 2 0 1 0 2 1 1 1 1 2 2 1 0 2 1 1 0 0 2 1 1 1 0 1 0 2 2 1 1 0 2 1 0 0 0 1 2 0 0 0 0 2 2 2 2 0 2 2 0 0 2 2 2 2 0 1 0 1 1 1 2 1 0 1 2 1 0 1 2 1 1 2 1 0 1 1 1 2 1 1 0 2 1 0 0 1 2 2 1 0 1 0 1 2 0 0 0 0 1 1 1 2 1 1 1 0 2 0 0 0 1 0 1 2 0 2 1 2 2 2 0 1 0 1 0 2 1 1 2 2 0 0 1 0 2 0 2 0 1 1 1 0 1 1 0 2 2 0 2 1 1 1 0 2 0 2 2 0 0 1 2 1 1 1 0 1 1 1 1 0 1 1 2 1 1 2 1 1 1 0 1 1 2 0 2 2 2 0 1 0 0 2 2 1 2 2 2 1 1 0 0 1 2 0 1 1 2 0 2 2 2 0 2 1 1 2 0 2 2 2 2 2 0 2 2 0 0 1 2 0 2 2 0 1 1 2 1 0 2 2 2 2 0 0 0 2 0 1 2 0 1 0 2 2 2 2 2 1 0 0 1 1 2 2 1 0 1 1 2 0 0 0 1 1 1 0 0 1 0 2 1 2 0 1 2 2 2 1 1 2 1 1 2 1 2 1 1 2 2 0 2 1 1 0 1 2 1 1 1 0 2 1 0 1 0 0 1 0 2 0 0 2 0 0 2 2 1 0 1 2 1 0 1 0 1 0 1 2 0 0 1 0 1 1 2 1 1 0 1 1 1 2 0 2 1 0 0 1 0 2 0 1 0 2 0 1 0 1 0 1 2 1 1 2 0 0 2 1 0 2 2 2 1 1 2 0 0 1 2 0 1 2 2 2 1 0 2 0 2 0 0 1 2 0 1 2 0 1 1 1 2 0 2 2 1 2 1 1 0 2 0 1 2 2 0 2 2 0 1 1 1 0 0 0 0 0 0 1 2 2 2 1 2 0 0 0 1 1 2 1 1 1 2 0 0 2 0 2 2 0 1 2 1 2 0 2 0 1 2 0 2 0 2 0 2 2 0 1 1 2 1 2 1 1 0
91
1 1 1 2 1 1 2 1 0 1 0 0 1 0 2 2 1 1 0 2 1 1 1 2 2 0 2 2 2 2 2 1 1 2 2 0 1 1 1 2 0 2 0 1 1 1 0 0 2 0 0 2 0 2 0 2 1 0 1 0 1 2 0 2 2 2 2 0 2 0 2 1 1 1 0 0 1 2 2 2 1 0 0 1 1 2 1 2 1 2 2
943
0 2 0 0 2 0 2 1 2 0 2 0 0 2 1 0 0 2 1 2 0 0 0 0 0 0 2 0 2 0 1 1 0 2 1 2 0 2 1 2 0 1 2 0 0 2 2 1 1 1 0 1 2 1 1 2 0 2 0 2 1 2 2 0 0 0 2 1 1 1 1 1 0 1 0 1 0 2 0 1 2 0 0 2 1 0 1 0 1 0 1 0 1 2 1 2 2 1 2 1 2 2 2 0 0 2 0 2 0 1 0 2 1 1 1 0 0 0 2 0 0 1 1 1 0 2 2 0 1 1 1 2 1 0 2 1 0 2 1 0 0 1 2 1 1 0 1 0 1 2 1 1 0 0 0 2 1 0 1 0 0 1 1 2 2 0 1 0 2 1 2 2 0 2 2 0 1 2 0 2 0 1 1 2 1 1 0 1 1 1 0 0 0 0 1 1 0 0 2 1 1 1 1 2 0 0 1 0 1 2 2 2 1 2 1 2 0 1 2 1 1 2 2 1 0 0 2 1 1 2 2 1 1 1 1 2 0 1 0 0 0 0 1 0 1 1 0 2 1 0 0 1 1 1 1 2 1 1 2 1 0 0 1 2 1 2 2 0 1 0 0 1 2 1 0 0 2 0 2 1 0 0 0 0 0 2 0 1 2 2 2 2 0 1 1 0 0 0 2 2 0 1 0 0 0 2 0 0 2 1 2 1 2 1 2 2 0 2 1 2 0 1 1 0 1 0 0 0 0 2 0 1 0 0 1 1 2 0 0 0 2 0 2 2 2 2 2 2 2 2 2 2 1 1 2 2 0 1 2 1 2 1 1 1 0 2 2 2 2 2 0 1 2 2 2 0 0 0 0 0 0 1 2 0 0 2 1 2 0 2 1 1 0 1 0 1 2 1 1 2 0 1 1 2 2 1 0 1 1 0 1 0 1 1 2 2 1 0 0 0 0 0 0 2 0 2 1 2 0 1 1 2 1 1 1 0 0 1 0 0 1 1 0 0 1 0 0 2 1 1 2 1 2 2 1 2 2 1 2 1 2 0 0 1 2 2 0 2 2 0 2 1 0 1 1 1 2 0 0 0 0 2 1 1 1 2 0 2 0 2 0 0 1 2 0 1 0 1 1 2 2 0 0 1 2 1 2 0 0 0 0 1 2 0 0 1 1 2 1 1 2 0 2 0 0 1 0 2 2 1 1 2 1 0 2 0 2 0 0 0 0 2 1 0 1 2 1 1 1 1 0 1 0 2 2 2 1 0 2 2 1 0 0 1 0 1 2 0 2 1 2 0 2 2 1 1 0 1 1 2 1 1 0 0 2 1 1 0 2 0 1 1 1 2 1 0 2 2 1 0 2 1 1 1 0 0 2 2 0 2 0 2 0 0 1 1 1 2 0 2 0 0 2 2 0 1 0 2 2 0 1 0 1 1 1 2 0 0 1 2 1 2 0 1 1 2 2 0 0 2 2 1 2 1 1 1 0 1 1 0 0 2 1 2 1 0 1 1 2 0 2 1 2 0 1 2 0 2 0 1 0 1 2 0 2 2 1 1 0 1 2 0 0 2 0 0 0 2 0 1 1 1 1 0 1 1 1 1 2 1 2 0 2 1 2 0 2 1 0 1 2 2 2 1 1 2 2 1 1 2 2 1 1 2 0 0 0 2 2 2 0 1 2 1 0 2 2 2 0 0 2 0 1 2 0 1 2 2 0 1 2 1 1 2 1 0 1 0 1 0 0 0 0 2 0 2 2 2 1 2 2 2 1 0 1 1 0 1 2 2 0 1 0 2 0 0 0 1 2 0 2 2 0 2 0 1 1 1 2 2 0 0 2 0 2 2 0 1 2 1 1 1 0 2 0 0 1 2 0 0 2 0 1 1 2 2 1 0 0 1 2 2 1 0 1 0 2 0 0 1 2 1 2 1 1 1 2 2 0 2 2 0 1 0 2 1 0 1 0 1 0 0 0 2 1 2 1 0 2 1 0 1 2 1 2 2 1 2 0 0 1 1 0 0 2 1 0 0 0 0 0 1 2 1 0 1 2 2 0 2 1 1 0 0 2 1 1 2 0 1 1 0 2 2 0 0 1 2 2 0 0 1 1 1 1 0 0 1 1 1 2 2 1
969
1 2 2 2 1 2 2 0 0 0 2 2 1 0 0 0 0 1 2 0 2 1 2 0 0 1 1 1 2 1 1 0 1 0 1 1 2 0 2 0 0 1 0 1 0 2 2 0 0 1 2 2 0 0 2 0 0 0 0 1 1 0 1 2 1 2 2 2 1 0 0 0 2 0 0 2 1 2 1 0 1 2 1 0 2 2 1 2 0 1 0 0 0 2 2 0 0 2 1 2 1 1 1 1 2 1 2 0 0 0 1 2 2 0 1 2 2 0 2 0 1 1 2 0 1 1 2 2 0 0 0 1 1 1 0 2 1 2 0 0 1 0 1 2 1 2 1 2 0 0 1 1 0 1 1 0 2 1 2 0 2 2 0 2 1 1 2 1 2 1 1 1 1 1 0 2 2 1 1 1 0 2 1 1 0 0 1 2 2 2 0 0 1 0 0 1 0 0 0 2 2 0 0 2 1 0 1 2 0 0 0 1 2 0 0 0 0 0 1 0 1 1 1 0 1 0 0 1 1 1 0 0 0 1 0 2 0 1 1 0 0 0 0 2 2 1 1 0 0 0 1 2 2 0 0 0 1 0 0 0 1 0 2 0 0 2 2 1 1 0 1 2 2 2 2 2 0 1 2 1 1 1 1 1 0 2 1 0 0 2 2 1 1 1 0 2 2 1 1 1 1 0 2 0 1 2 0 0 2 0 2 1 1 1 2 2 2 2 1 0 0 0 1 2 0 2 1 2 0 0 2 1 2 2 0 2 0 2 2 2 2 0 0 0 2 2 0 2 2 2 2 0 2 2 1 1 2 2 1 0 0 0 0 0 0 2 2 2 1 0 2 0 1 1 1 2 2 0 1 2 1 2 2 1 2 0 1 2 0 1 0 2 2 2 2 1 2 1 0 2 0 0 1 1 1 0 0 2 1 0 2 1 1 2 0 1 2 1 1 2 0 2 1 2 2 2 2 0 2 0 0 0 0 1 2 1 2 2 0 2 0 0 2 2 2 2 2 0 2 0 1 2 0 0 1 1 1 0 0 0 2 1 0 1 1 0 0 1 1 1 1 0 1 2 2 2 0 0 2 2 2 0 2 2 1 0 1 1 1 0 2 1 0 2 0 0 0 2 2 1 1 1 1 2 0 1 1 2 1 2 2 1 0 2 0 2 1 0 1 0 0 0 1 2 2 0 2 0 0 2 1 0 0 2 2 0 0 0 2 1 2 0 2 0 1 2 1 1 2 0 0 0 0 0 0 0 1 1 0 1 1 1 2 1 0 2 2 1 2 0 0 0 2 2 2 2 2 0 2 2 1 1 0 2 1 1 0 2 1 2 2 2 2 0 1 1 1 2 1 0 1 0 0 2 0 1 0 0 0 2 2 1 0 0 0 1 2 1 1 1 0 2 0 1 0 0 1 2 1 1 0 1 2 1 2 2 0 0 0 0 1 1 1 2 1 0 0 1 2 0 1 0 2 2 0 2 1 1 0 0 0 2 1 1 1 0 2 2 2 1 0 0 2 1 0 0 2 0 0 0 2 1 2 1 2 0 1 1 0 1 2 0 0 1 1 0 1 1 0 0 1 2 2 2 0 1 0 2 0 1 2 2 1 2 2 1 1 0 1 0 1 0 2 2 2 0 0 1 0 1 0 0 2 0 2 1 2 0 1 1 2 0 0 0 1 0 2 0 1 0 2 0 1 1 1 1 2 0 2 1 2 2 2 2 2 2 2 2 2 1 2 2 2 2 0 1 2 0 1 2 1 0 0 1 1 0 1 0 2 1 0 1 0 1 1 0 2 1 0 2 1 0 0 2 1 0 1 1 2 0 0 0 0 1 1 2 1 2 1 1 0 0 1 0 1 0 2 2 0 0 2 1 0 1 2 2 0 0 0 0 0 2 1 1 1 1 2 2 1 0 1 2 0 2 1 0 0 1 0 0 1 0 0 2 1 1 0 1 1 2 0 0 2 1 2 2 1 1 2 0 1 1 0 2 0 2 2 0 2 1 1 2 0 1 0 1 1 0 0 0 2 1 0 0 2 0 1 2 0 2 1 1 1 2 0 2 2 1 2 1 0 2 2 0 2 2 1 2 1 2 0 2 2 2 1 2 1 2 2 0 0 0 1 1 1 1 2 0 1 2 2 2 2 0 1 2 2 1 1 2 0 0 2 0 0 2 0 1 1
366
2 1 1 0 1 0 2 0 1 0 0 0 2 0 0 2 0 1 0 0 0 2 0 1 1 2 0 1 2 2 1 2 2 1 2 0 1 1 0 1 0 2 1 0 2 2 1 2 0 0 2 0 1 0 2 0 1 2 0 1 1 0 0 0 0 2 2 0 1 2 1 2 2 0 2 0 2 2 1 2 1 1 1 0 1 2 1 0 0 0 1 2 0 2 1 1 2 1 1 0 1 2 0 1 2 1 1 0 1 0 2 2 1 1 0 1 2 0 0 0 1 1 2 2 2 1 0 2 1 1 0 0 0 2 2 2 0 0 1 0 2 2 1 1 1 0 0 1 2 1 0 2 1 0 0 0 1 2 2 0 0 0 1 2 2 0 1 2 2 0 1 2 1 1 1 2 2 1 1 0 2 1 1 2 0 2 1 2 0 0 2 2 2 1 2 1 1 0 0 1 0 1 0 1 2 0 2 0 1 1 2 1 2 0 2 0 0 1 0 0 2 0 2 0 0 1 1 2 0 2 0 2 0 2 0 0 1 0 1 0 1 2 2 1 2 0 2 1 1 0 0 2 1 2 2 1 2 1 2 1 2 1 1 0 2 1 2 0 1 0 1 1 0 0 2 2 2 2 0 0 1 1 2 1 0 0 2 0 1 2 1 0 1 0 0 1 1 0 2 0 2 0 1 2 1 0 1 1 1 2 2 2 2 2 0 2 0 2 0 2 0 1 1 1 2 0 0 0 0 0 1 2 1 2 2 0 2 0 2 2 0 1 2 0 1 2 0 2 0 0 2 0 0 0 0 0 0 0 0 2 1 2 2 1 0 0
955
0 0 2 1 1 2 0 0 1 0 1 0 2 2 0 2 2 2 0 1 1 0 1 0 2 1 2 1 1 2 0 0 2 1 0 2 2 0 0 1 1 1 1 1 1 1 1 1 2 2 2 2 2 0 2 0 0 0 2 2 2 2 2 0 2 0 2 0 1 2 1 2 1 1 2 2 0 1 0 0 1 0 0 1 0 1 2 2 0 2 1 2 1 0 2 1 2 1 2 2 2 2 0 1 2 1 0 1 1 0 2 1 2 0 0 0 2 1 1 1 2 2 0 2 2 2 0 0 2 2 2 1 1 1 1 1 1 1 2 1 2 1 0 0 1 1 1 0 2 1 0 2 1 0 0 2 1 0 1 0 2 0 2 0 0 2 0 0 2 1 0 2 0 0 2 0 2 2 0 1 2 2 2 0 2 1 0 2 1 1 0 2 2 1 0 2 2 2 2 2 1 2 1 1 2 2 2 1 0 2 1 2 1 2 0 1 2 0 1 0 1 1 2 2 1 2 0 1 1 0 2 0 1 1 2 2 2 1 0 1 2 2 1 0 0 2 1 2 0 1 1 0 1 2 0 2 1 2 0 2 0 0 0 2 0 1 1 2 2 0 0 1 2 0 1 1 2 0 1 2 1 1 1 1 1 2 0 2 2 0 0 2 2 0 2 1 0 0 2 1 1 1 1 0 1 1 1 1 1 0 2 1 0 2 0 2 0 1 2 0 1 2 2 0 2 1 1 2 2 0 0 2 2 2 2 1 1 2 2 1 2 0 1 1 1 2 0 2 2 1 2 0 1 2 2 2 0 2 2 2 1 2 2 1 2 1 2 2 0 2 1 1 1 0 1 2 0 0 2 2 2 2 1 0 1 0 1 1 2 1 0 0 1 1 2 1 1 1 0 2 0 1 2 1 0 1 1 0 2 1 2 2 1 2 2 0 2 1 1 1 0 0 0 2 1 2 2 1 2 2 0 0 0 2 1 1 0 0 0 1 2 1 2 2 2 1 1 0 0 0 1 0 0 2 2 2 0 0 1 0 0 2 2 2 1 1 2 1 2 0 1 0 2 2 2 1 2 2 1 2 0 2 0 1 2 1 0 0 0 2 0 0 1 0 1 0 1 1 2 0 2 1 2 0 1 2 0 0 1 1 2 2 2 1 1 2 1 0 2 2 2 2 0 0 1 0 1 0 1 2 1 1 1 0 1 2 2 0 1 0 1 1 2 0 1 1 2 0 1 2 2 0 1 0 0 1 0 0 2 2 0 0 2 1 1 1 2 0 0 0 1 0 2 2 1 0 1 1 2 1 0 0 1 2 2 2 1 1 2 1 2 1 0 1 1 2 0 0 0 1 0 2 2 2 1 0 0 2 0 1 0 2 1 1 1 2 0 0 2 2 0 0 0 1 1 0 1 0 1 2 0 2 2 0 2 1 2 2 2 1 1 0 1 1 0 1 2 0 2 1 1 2 2 2 1 2 0 1 1 1 1 2 0 1 2 0 0 0 0 2 0 0 2 0 0 0 1 0 1 0 2 1 2 2 2 0 0 0 2 0 1 1 1 2 1 1 2 0 2 0 0 0 2 2 0 1 2 0 0 2 0 0 1 2 1 0 2 1 2 2 2 0 1 2 1 2 0 0 1 2 2 2 2 1 2 1 2 0 0 0 1 0 0 1 2 1 2 1 0 1 0 2 0 0 2 2 2 2 0 1 1 2 2 1 2 1 0 0 1 1 0 0 2 0 0 2 2 0 1 2 2 0 1 2 0 1 0 0 0 1 2 0 1 0 2 1 0 0 0 1 0 1 2 2 0 1 2 0 2 0 1 2 0 2 0 2 0 0 1 2 0 1 0 1 2 0 1 2 0 2 0 1 2 2 2 1 2 1 0 2 1 2 2 0 0 1 0 1 1 0 1 2 0 0 2 0 0 2 1 1 1 0 1 0 2 1 0 0 1 1 2 2 1 2 2 2 1 1 0 1 2 2 1 2 0 2 1 1 1 0 0 2 2 2 0 0 1 1 0 1 0 0 2 2 1 2 2 1 0 2 1 1 0 1 2 0 2 1 2 1 1 2 2 2 0 0 0 1 1 2 0 0 2 2 2 0 1 1 2 0 2 0 0 2 1 1 0 1 0 0 1 0 2 1 2
296
0 0 2 1 1 0 2 2 1 2 0 0 0 1 0 2 1 1 1 1 1 0 1 2 2 0 1 1 0 1 2 0 0 2 0 2 2 2 0 0 2 1 0 1 2 1 1 0 0 2 0 2 0 2 1 0 2 0 0 2 2 2 2 0 1 1 1 2 2 1 0 1 2 2 0 1 0 2 2 1 1 0 0 1 0 1 2 1 0 0 0 0 2 0 2 0 1 1 0 0 2 2 2 0 0 1 1 1 1 0 2 1 1 1 1 2 0 1 1 1 0 1 0 1 1 2 1 0 2 0 1 2 2 0 2 1 1 1 1 1 1 0 2 1 0 1 2 0 1 0 1 2 0 0 1 1 1 1 2 2 1 0 1 2 1 2 0 2 1 0 2 0 1 2 1 0 2 0 1 2 0 1 1 1 2 0 1 2 1 0 0 0 0 1 0 1 1 0 1 1 2 1 1 1 1 2 2 0 1 0 0 0 0 1 1 2 0 1 0 0 1 1 1 2 2 2 1 1 0 0 1 2 1 0 2 1 2 0 0 0 2 0 1 1 0 2 0 1 2 2 1 0 0 1 1 1 0 0 0 1 2 0 2 1 2 2 0 2 0 0 1 2 2 1 1 2 2 0 1 1 1 2 0 0 0 0 1 0 1 0 1 1 2 2 0 1
968
2 1 0 1 2 0 2 1 2 0 0 2 1 0 2 0 0 0 0 2 2 0 2 1 2 0 2 2 0 0 0 0 1 2 0 2 2 2 1 0 2 0 2 1 2 2 1 1 1 2 1 1 1 0 0 1 0 1 2 1 1 1 0 2 1 2 0 2 2 0 2 1 2 0 1 2 2 0 0 1 2 1 2 1 1 1 0 1 1 0 2 0 1 0 0 1 0 1 2 2 1 0 2 2 0 1 0 2 2 2 1 1 1 2 2 2 0 1 2 0 1 0 1 0 0 0 0 1 1 2 0 1 0 0 0 1 0 2 1 2 0 1 1 1 1 2 2 0 1 0 0 1 0 2 0 2 2 2 1 0 0 2 2 2 0 2 1 2 1 0 1 2 2 0 1 0 2 2 2 2 1 2 2 0 0 0 2 0 1 1 0 0 2 1 0 1 1 0 2 1 2 2 0 2 0 1 0 1 2 1 2 2 2 1 0 1 0 2 2 0 0 1 2 1 0 2 0 0 1 2 2 0 1 2 2 0 0 1 2 0 0 1 2 1 0 0 2 2 0 0 2 1 1 1 0 1 1 2 2 1 2 2 0 2 0 2 2 2 2 2 2 0 0 1 1 2 2 2 0 1 2 2 1 2 2 1 0 2 1 1 0 1 1 1 0 2 0 1 1 2 1 2 2 2 1 0 0 2 1 1 0 2 0 0 2 2 1 0 1 0 2 1 1 2 1 0 1 0 2 2 1 1 2 0 1 0 2 2 0 1 0 0 1 0 2 0 2 1 0 1 0 1 1 0 0 0 1 0 0 2 0 1 0 1 0 0 1 1 0 0 1 0 1 2 2 0 1 2 1 1 0 0 1 1 2 2 1 1 1 2 2 0 1 2 1 0 0 0 1 0 2 2 2 0 1 1 1 1 0 2 0 1 0 2 1 2 1 0 2 1 2 0 2 0 2 2 1 2 0 0 1 1 0 0 2 2 0 0 2 1 0 1 1 1 0 1 2 0 0 0 0 1 0 0 1 1 0 1 0 2 2 2 0 2 2 2 2 2 0 1 2 0 0 0 0 2 1 2 2 2 0 2 2 2 1 0 2 1 2 0 1 0 2 2 1 1 0 0 0 2 0 1 0 0 1 2 2 2 1 0 0 0 2 0 0 0 0 0 2 0 1 2 0 0 1 1 1 2 1 2 1 2 1 0 0 1 0 2 0 0 1 1 2 1 1 1 2 0 2 1 0 2 1 2 0 0 1 2 1 2 2 0 0 0 2 0 2 1 1 2 1 0 1 2 2 0 2 2 0 1 1 0 2 0 2 0 2 1 2 0 2 1 2 1 0 0 2 2 1 2 0 2 2 1 1 0 0 0 2 2 0 1 0 2 0 0 1 1 1 2 0 1 0 1 1 0 1 0 0 0 1 2 0 0 0 0 2 2 1 0 0 2 1 2 1 2 0 1 1 2 1 0 2 2 2 1 0 2 0 0 0 1 1 2 2 2 0 2 1 2 0 0 2 1 2 1 1 0 2 0 1 2 1 2 1 2 0 1 2 2 0 0 0 2 0 2 2 1 0 0 0 0 0 1 2 0 2 1 2 2 1 2 0 0 1 0 2 0 0 2 0 2 1 2 0 2 2 0 1 0 2 0 2 1 1 0 0 1 2 2 2 1 1 2 2 0 1 2 1 0 0 2 1 0 0 1 0 1 2 0 0 0 1 2 1 1 0 1 1 0 1 1 1 1 0 1 0 2 0 1 0 0 0 1 2 2 0 0 1 2 0 1 2 2 2 1 1 2 2 0 2 0 1 1 0 0 0 0 1 1 1 2 2 2 2 2 2 2 2 0 1 1 1 0 0 2 2 2 2 0 1 2 1 0 1 0 0 1 2 1 2 1 1 0 0 0 0 2 0 2 1 0 2 0 1 0 2 0 0 0 2 0 0 2 0 1 1 1 0 0 1 2 2 0 2 2 0 0 0 1 2 1 0 1 1 1 2 0 0 1 1 0 2 0 2 1 2 1 2 1 0 0 1 2 1 2 1 2 1 2 0 1 1 0 1 1 2 0 0 2 0 2 2 0 2 2 2 0 0 1 2 0 0 2 1 2 2 0 0 2 1 0 2 2 1 2 2 0 0 2 1 0 2 1 2 1 2 1 1 2 2 2 2 1 0 2 1 0
843
2 1 0 0 0 1 0 0 2 0 0 2 2 1 1 2 0 1 2 2 0 0 1 0 0 0 2 2 0 1 2 1 2 2 0 1 1 2 1 2 2 2 0 2 1 1 1 2 2 0 0 0 1 0 1 0 0 1 2 1 2 2 1 0 2 1 1 2 0 1 0 1 1 1 0 2 1 0 0 2 0 2 1 0 1 1 1 2 0 2 2 0 1 0 2 1 0 1 1 2 1 1 2 1 0 1 0 2 1 2 2 2 0 2 1 1 1 1 0 2 2 2 0 0 2 1 2 0 2 2 1 0 2 1 0 2 1 0 0 1 1 1 1 1 1 1 0 0 1 2 2 0 1 1 1 1 1 0 0 0 0 2 1 1 1 2 0 2 2 1 0 1 0 2 1 2 1 0 1 1 0 0 0 2 1 2 0 2 0 2 1 0 0 1 0 0 0 1 1 0 1 2 2 0 0 2 0 1 0 1 2 0 0 1 0 0 2 0 2 2 0 0 0 2 2 1 2 1 2 0 1 0 2 2 0 2 1 0 2 0 2 1 1 0 1 0 0 0 0 2 1 2 1 1 0 2 0 1 2 1 2 0 1 1 2 1 0 0 1 1 0 2 0 2 2 0 2 1 0 0 2 2 1 0 2 1 1 2 1 0 1 1 0 1 0 2 0 2 0 0 1 2 0 0 2 2 2 0 1 2 1 2 1 2 1 1 1 2 2 1 0 0 1 0 1 2 0 1 0 0 2 1 2 2 1 1 0 1 0 1 1 2 0 1 0 2 0 0 0 0 0 2 1 1 0 2 2 1 0 1 2 0 0 1 0 0 1 1 1 2 2 0 0 2 1 1 1 2 0 0 0 1 2 2 1 0 1 0 0 1 2 1 1 1 0 0 1 1 2 2 1 1 1 2 0 1 0 1 1 1 2 1 0 1 1 2 0 0 1 2 0 0 0 0 1 1 1 2 1 1 1 0 2 2 0 0 2 1 2 2 0 0 2 0 0 1 1 2 0 0 2 1 1 0 1 1 0 0 0 0 2 0 2 1 1 0 2 1 1 2 2 0 0 0 2 2 1 1 2 0 2 2 0 2 1 0 1 0 0 1 2 1 2 0 0 0 2 1 0 1 1 2 0 1 0 2 2 2 0 1 1 0 1 2 2 1 2 0 2 1 0 0 2 1 1 2 1 2 0 1 1 2 1 1 0 2 2 2 1 2 1 1 2 1 1 0 0 0 2 0 1 0 0 0 0 1 1 1 1 2 2 1 2 0 1 1 2 2 0 1 2 2 2 2 2 2 0 0 2 1 2 0 2 0 2 2 0 2 1 0 0 0 0 0 1 1 0 2 1 0 2 2 1 0 2 2 1 1 1 2 1 2 2 1 1 1 2 2 1 2 1 2 1 1 2 1 2 0 2 1 0 2 0 0 0 2 2 1 2 0 0 2 1 1 1 0 0 1 2 2 1 0 0 1 1 0 2 2 2 2 0 1 2 1 0 2 1 1 2 0 2 2 0 1 2 1 1 1 2 0 0 1 1 1 2 0 2 0 0 1 0 2 0 2 1 2 2 1 0 1 0 2 2 1 2 2 2 1 1 2 1 2 2 2 1 1 2 0 2 0 1 0 2 1 0 2 0 2 1 0 0 2 2 2 0 0 1 2 0 1 0 2 2 1 0 0 1 0 0 0 0 0 0 1 1 2 0 1 0 1 0 2 0 1 2 2 1 0 0 2 1 2 2 0 0 1 1 1 1 0 0 1 2 2 1 1 0 2 1 2 2 1 1 2 0 2 1 1 0 1 1 1 0 1 2 0 1 1 0 1 0 0 2 2 1 2 1 1 2 1 1 0 2 2 1 2 0 0 1 1 0 0 0 1 2 1 1 1 2 0 2 0 1
779
2 1 0 1 2 0 0 2 1 0 0 0 2 0 0 1 2 2 2 0 2 2 1 1 0 1 0 1 0 0 0 1 1 2 2 1 2 2 0 1 2 1 0 2 2 2 1 2 0 1 2 1 2 2 2 1 1 1 1 1 0 1 1 0 2 2 0 2 0 1 1 1 1 1 0 1 2 0 2 1 2 1 1 1 0 1 1 1 2 0 0 1 0 1 2 2 0 0 0 0 0 2 1 2 2 0 0 0 1 1 2 0 1 2 0 2 0 1 2 0 2 1 0 1 2 0 2 2 0 0 2 0 2 1 0 1 0 0 1 1 2 1 2 0 0 1 2 0 1 1 0 1 2 1 2 1 1 2 0 1 1 1 2 0 1 2 1 1 0 0 0 2 0 1 2 0 1 1 2 2 0 2 1 0 1 2 2 1 2 1 1 2 0 2 1 1 1 1 1 2 2 1 1 1 1 0 0 0 1 1 0 0 2 2 2 0 0 2 2 0 2 2 1 1 1 1 2 2 2 2 0 0 0 1 1 1 1 1 2 0 2 1 0 1 0 2 2 2 0 1 2 0 1 0 2 1 2 1 0 1 2 1 0 1 2 1 2 1 2 2 0 2 2 2 2 1 1 1 0 2 2 2 2 2 0 1 1 1 2 1 2 0 0 1 1 0 0 1 0 2 1 2 1 0 0 1 0 0 1 0 1 1 0 2 2 0 2 2 2 1 1 2 1 0 1 1 2 1 1 2 2 0 0 0 0 2 1 1 1 0 1 2 1 1 0 0 2 0 1 0 0 2 2 1 1 0 1 2 2 2 1 1 1 0 0 1 0 1 2 1 0 0 2 0 2 2 1 0 0 1 1 1 1 2 2 0 2 2 0 1 2 0 1 1 2 2 2 2 1 1 2 0 2 1 0 1 0 2 0 2 0 1 0 1 1 1 2 1 2 1 2 0 1 2 0 2 2 2 1 1 1 1 2 0 1 1 2 1 1 1 2 2 2 0 0 2 1 0 1 2 1 0 1 1 2 2 1 2 1 1 0 2 0 1 0 2 0 0 0 2 1 2 2 1 1 2 1 1 1 0 0 1 1 0 2 0 1 2 2 0 1 0 1 0 2 2 2 0 1 1 1 0 0 0 1 0 0 2 2 0 1 1 1 0 0 2 2 2 2 1 2 0 1 0 2 2 1 0 1 2 2 0 2 0 0 0 0 2 1 0 1 1 1 1 1 2 1 1 1 1 1 0 0 0 1 0 0 0 0 1 2 2 0 2 2 0 0 1 1 0 0 2 1 0 2 2 0 1 2 1 1 1 2 0 0 2 0 2 1 0 2 0 1 0 2 2 0 2 1 2 0 1 1 0 2 1 2 2 1 1 1 0 0 2 1 2 1 1 0 1 0 2 2 1 0 2 2 2 1 2 1 1 2 2 2 0 0 0 0 1 2 1 0 1 0 1 0 1 0 0 2 2 2 1 1 2 1 2 2 1 1 1 1 2 0 1 0 0 1 2 0 2 1 1 2 1 1 1 1 1 1 2 0 1 2 1 2 1 1 0 1 1 1 1 2 0 1 0 1 2 0 2 1 1 2 1 1 2 0 1 0 1 1 2 2 1 0 2 0 0 0 2 1 0 0 0 1 2 1 0 1 0 2 0 1 1 1 1 0 1 0 0 2 2 1 1 2 2 1 0 0 2 1 1 0 1 2 0 0 1 0 1 2 0 2 2 2 0 0 0 1 0 0 2 1 0 2 2 0
577
1 1 1 0 1 1 2 2 1 1 2 2 2 0 2 1 1 2 2 0 0 1 0 0 2 2 0 1 1 1 0 1 0 2 0 1 1 0 2 2 2 0 1 1 1 2 2 2 2 2 2 0 0 2 1 1 2 0 2 2 0 1 1 2 2 1 1 1 1 0 0 2 2 2 2 2 1 1 0 2 1 1 1 2 0 0 0 2 1 2 1 2 2 0 0 1 1 0 1 1 1 1 1 2 0 1 2 0 0 0 0 0 2 1 0 0 2 1 0 0 1 1 2 1 2 0 2 2 0 2 2 1 0 2 2 2 0 2 0 1 1 0 2 2 0 2 2 2 1 0 0 2 1 2 0 1 0 1 2 1 0 0 1 0 0 0 1 2 2 0 1 0 1 1 2 2 2 1 1 1 2 0 0 0 1 1 0 1 1 1 2 2 2 0 0 2 2 2 2 1 0 2 0 1 0 1 2 2 0 2 0 1 2 0 2 1 2 2 0 1 1 0 0 0 2 2 2 0 1 1 0 0 0 2 1 1 2 2 1 2 1 0 1 0 1 2 0 2 0 0 2 1 1 2 1 0 0 2 0 0 1 2 2 1 1 1 2 0 2 2 2 2 1 1 2 0 2 2 1 2 2 1 1 2 1 0 1 2 2 2 0 2 0 2 0 2 1 2 0 1 1 1 1 2 1 2 1 1 0 2 1 2 0 1 1 1 2 2 0 1 1 1 2 1 0 1 2 0 0 1 2 1 1 0 0 1 1 0 2 1 0 1 0 0 2 2 0 0 0 1 1 1 0 2 0 1 0 2 2 2 1 0 2 2 1 1 2 1 0 2 2 0 1 2 1 1 0 2 0 0 0 0 0 2 0 1 0 1 1 2 1 0 0 0 0 1 2 2 1 2 2 1 2 1 0 1 0 2 1 2 2 1 1 1 0 0 0 2 1 1 1 0 2 2 2 0 2 2 0 1 1 2 0 2 2 2 1 1 1 0 0 2 2 2 0 0 2 0 0 2 1 2 1 2 0 2 2 1 1 1 0 1 2 0 2 2 1 0 1 1 1 2 0 0 0 2 0 0 0 1 0 2 0 0 2 2 2 2 0 0 0 0 2 2 0 2 1 2 0 1 1 0 2 1 0 2 2 2 2 1 0 2 2 1 2 2 0 1 1 0 0 0 1 2 2 1 0 0 1 2 1 1 1 2 2 2 0 0 1 2 1 2 1 2 1 0 0 0 0 1 2 2 0 0 1 0 1 1 1 1 2 1 2 0 0 2 1 2 2 1 2 0 0 1 1 2 2
59
2 0 0 1 1 1 2 0 2 0 2 0 1 1 1 0 0 2 0 0 2 0 1 2 0 1 0 2 0 2 1 0 2 2 0 0 1 0 2 0 2 1 2 0 0 2 1 0 2 1 2 0 2 0 0 2 2 1 1
809
0 2 1 1 0 2 0 2 2 0 1 2 1 2 2 1 1 0 1 2 2 1 2 1 1 2 2 0 2 0 2 1 1 2 1 1 2 1 2 1 1 0 2 1 2 0 1 0 2 1 1 2 0 0 0 2 1 1 0 1 0 0 0 1 0 1 2 1 0 2 0 2 1 0 2 0 0 2 0 1 0 0 2 1 2 2 2 1 1 2 0 2 2 0 0 0 2 2 0 1 0 0 0 2 1 2 2 2 1 2 2 0 0 0 0 0 1 1 0 2 1 2 2 0 1 2 1 0 1 0 0 1 2 0 0 0 2 1 2 1 1 2 2 0 2 2 1 2 0 1 2 1 0 0 1 1 0 1 0 2 1 0 2 2 0 0 1 2 0 2 0 0 0 1 1 0 0 2 2 2 2 1 1 1 0 0 2 1 1 2 2 0 1 2 2 2 2 2 2 0 2 0 1 0 1 2 1 2 1 0 2 2 1 1 1 1 0 1 1 0 0 1 2 2 1 1 1 1 1 1 1 1 0 1 1 1 1 2 2 0 2 1 1 0 2 2 1 2 0 1 0 2 2 2 2 2 1 0 2 1 2 2 0 0 0 2 1 1 2 1 0 1 1 2 0 0 1 0 1 1 0 0 2 1 2 0 1 2 2 0 1 1 0 2 2 2 1 0 2 1 1 0 0 2 1 0 2 0 1 2 1 0 1 2 2 0 2 0 0 0 0 2 0 0 1 1 0 2 0 1 0 0 0 1 0 0 2 0 0 0 0 0 0 1 2 1 1 2 0 2 2 0 1 2 1 2 1 0 0 1 2 2 1 1 0 1 1 0 0 2 0 2 1 0 1 2 1 0 1 1 0 0 2 0 1 0 1 2 2 2 2 1 0 2 1 1 1 0 1 1 1 1 1 2 1 0 1 2 0 1 0 2 1 0 2 1 1 1 2 2 0 1 2 1 2 0 0 0 1 2 0 2 1 1 0 1 1 0 0 0 1 2 2 1 2 2 1 1 1 2 1 2 0 0 1 2 2 0 0 2 0 2 0 0 2 1 1 1 0 1 0 1 0 2 1 1 0 2 0 2 2 0 1 1 1 1 1 0 2 1 1 1 1 1 1 1 2 1 2 0 2 2 1 1 1 2 2 1 2 0 2 2 2 1 2 1 0 2 2 0 1 2 0 1 0 0 2 0 1 1 0 1 1 2 0 1 0 0 0 1 1 1 0 1 0 2 1 1 1 1 1 2 1 0 0 2 0 2 2 0 2 0 1 0 2 0 2 0 2 1 2 1 2 2 1 2 0 0 2 2 1 0 2 1 1 1 2 1 2 0 2 2 0 1 2 2 0 0 0 2 2 0 1 2 2 1 2 0 2 1 1 1 2 0 2 1 1 2 0 1 0 0 1 2 1 1 1 0 0 2 2 0 1 0 2 1 0 2 2 1 1 2 1 1 0 2 0 0 1 2 2 2 2 2 0 1 1 0 0 0 2 1 0 0 0 2 0 0 0 0 0 0 2 1 1 2 0 2 0 0 2 0 0 2 2 2 2 0 0 1 2 0 2 2 0 2 1 2 1 1 2 0 1 2 0 2 2 0 2 1 2 2 0 2 0 1 2 1 1 0 2 0 0 1 0 1 2 0 0 1 1 1 0 2 1 1 2 2 2 2 0 1 1 0 1 0 2 0 0 0 1 1 0 0 1 0 2 0 1 1 1 1 0 2 2 2 2 0 0 2 2 0 2 1 1 0 0 1 2 2 1 0 0 2 0 1 2 0 0 2 1 0 1 1 2 2 1 0 1 0 0 2 2 2 1 0 1 2 0
206
1 2 0 2 0 2 0 2 2 0 0 1 2 1 0 0 1 1 0 1 1 2 1 2 1 2 2 1 2 0 2 1 1 2 0 0 1 1 0 1 1 2 0 2 0 0 2 2 0 1 2 1 2 2 2 2 1 2 0 1 0 2 0 1 0 2 1 2 2 1 0 0 1 0 2 2 2 0 2 1 0 0 2 1 0 1 1 0 1 2 2 0 2 2 2 0 1 2 1 1 0 1 1 0 0 1 0 0 0 1 2 1 0 2 0 1 2 2 2 1 0 2 0 2 2 2 0 0 2 2 1 1 1 1 2 2 1 0 2 1 1 0 0 1 2 0 0 1 0 0 2 0 0 0 2 2 1 1 0 2 0 0 0 1 0 1 1 0 1 2 0 2 0 1 0 2 0 0 2 1 0 2 0 1 1 1 1 2 0 2 1 1 0 0 0 0 0 0 0 2 0 1 2 2 2 1
276
2 1 1 0 1 2 1 1 2 0 2 0 0 0 1 1 0 0 2 0 1 2 2 0 1 1 0 0 0 1 2 1 0 2 0 2 0 2 1 2 1 1 1 2 0 2 2 0 0 0 1 0 0 2 1 0 2 0 2 0 0 0 0 0 1 2 2 2 2 0 1 1 1 0 2 1 2 2 0 2 0 2 0 0 2 1 1 0 0 0 0 2 0 0 2 2 0 1 1 2 1 1 1 1 2 0 1 2 1 2 1 2 0 1 2 2 2 1 2 1 0 0 1 2 0 1 1 0 0 2 0 2 2 1 1 0 2 1 1 1 2 0 0 0 2 0 0 0 2 2 0 0 2 2 0 0 1 0 1 0 2 0 0 2 1 2 2 0 1 1 1 1 0 0 0 2 0 2 1 0 0 0 1 2 1 0 2 2 1 0 1 1 1 2 0 2 0 2 1 2 1 2 1 0 2 2 1 1 0 0 0 2 1 1 0 1 0 0 2 0 0 2 1 2 1 2 2 1 2 1 1 1 0 0 2 0 0 0 1 1 1 0 0 0 1 2 2 1 2 2 1 2 2 0 1 0 1 1 2 1 2 1 2 2 1 1 2 2 0 0 1 0 2 1 0 2
628
0 2 0 2 1 2 2 1 1 2 1 2 1 1 0 1 1 1 2 2 1 2 2 1 0 0 1 2 0 1 2 1 0 1 1 2 1 0 1 0 1 0 1 2 2 2 0 0 1 1 0 2 1 0 0 1 0 2 0 1 1 1 2 1 0 2 0 2 0 0 1 2 0 2 0 0 2 0 0 2 2 1 2 2 1 2 2 1 0 2 0 1 2 0 1 0 1 1 1 0 1 0 1 0 2 1 1 1 2 2 2 1 2 1 0 1 1 2 2 1 2 2 0 0 2 2 2 2 1 2 2 2 1 0 2 0 2 0 2 1 1 0 1 0 1 0 0 1 2 1 2 1 0 1 2 0 2 0 2 0 0 2 0 2 2 1 0 1 0 2 0 0 0 1 1 0 2 1 1 1 0 2 1 2 0 1 2 2 1 0 2 2 1 0 0 2 2 1 0 0 2 0 2 2 1 1 0 1 2 2 2 2 0 0 2 2 2 1 0 1 2 1 0 2 1 2 0 0 0 1 0 2 0 0 2 0 1 1 1 0 0 1 0 1 0 2 1 0 0 2 0 0 0 1 1 2 0 2 2 0 0 1 2 2 0 0 1 0 2 2 0 0 2 0 0 0 1 1 0 0 0 1 2 2 2 0 0 0 1 1 1 2 2 1 0 1 2 2 1 1 0 2 0 2 0 1 0 0 2 2 0 1 0 0 2 1 1 1 2 2 0 0 0 2 2 2 2 2 0 2 1 1 2 1 0 2 1 2 0 0 1 0 0 0 2 2 1 0 2 2 0 0 1 1 0 1 2 1 1 2 2 2 0 1 0 1 2 0 1 1 0 2 1 0 1 0 0 2 0 2 1 2 1 2 0 2 1 0 0 1 0 0 0 1 1 2 1 1 1 2 1 1 0 0 2 0 1 1 0 0 1 2 2 2 0 2 0 0 1 1 0 2 2 0 0 1 1 2 0 0 2 2 1 2 1 1 1 1 1 2 0 2 2 2 1 2 2 1 2 1 2 2 1 1 0 1 0 0 2 2 1 0 0 1 0 1 0 0 2 1 0 2 0 1 1 2 2 1 0 0 0 2 2 0 1 2 0 1 0 2 2 2 0 1 0 0 1 2 1 1 0 1 0 2 0 2 1 2 1 0 0 2 2 1 0 2 0 1 0 0 1 1 2 0 0 2 0 1 0 0 2 1 1 1 2 0 2 2 2 1 1 2 0 0 0 0 0 1 2 2 2 0 2 1 0 2 0 0 0 1 1 0 1 0 1 2 1 0 2 0 1 2 0 1 0 0 1 2 1 2 2 1 2 0 0 2 1 1 2 0 0 0 1 2 0 0 1 0 2 0 2 0 0 0 2 2 0 0 0 2 2 1 1 0 1 1 1 1 0 0 0 2 0 1 2 2 1 1
74
1 1 2 2 0 0 0 0 2 0 1 2 0 0 2 0 2 2 2 0 0 0 0 2 1 1 1 2 0 1 2 1 1 1 0 2 0 1 0 0 1 2 1 0 2 2 2 1 1 2 2 2 2 1 2 1 0 2 1 1 1 0 1 0 1 0 0 1 0 2 1 1 1 0
962
0 2 2 0 1 1 1 1 1 2 1 1 2 1 2 2 2 2 2 0 1 2 1 2 2 0 2 2 2 1 0 1 2 2 0 0 2 1 1 0 2 2 1 0 0 0 1 1 1 1 0 2 2 1 0 2 1 1 0 2 1 2 2 1 2 1 2 2 1 0 2 1 2 0 1 2 0 1 0 0 1 2 0 2 2 2 1 2 2 2 1 0 2 1 0 0 1 1 1 1 2 0 0 0 0 0 0 2 0 0 0 2 0 2 0 2 2 1 2 1 0 1 2 1 2 0 1 1 0 2 2 1 1 2 1 1 2 2 0 1 0 2 1 1 1 2 1 2 2 2 2 2 2 2 2 0 1 0 0 1 0 2 0 0 1 1 0 0 2 1 1 1 0 1 1 1 0 2 0 2 2 2 2 1 2 1 1 0 0 2 0 1 1 0 0 0 1 0 2 1 1 1 1 1 2 2 0 2 1 1 0 1 1 0 2 1 0 2 2 2 1 2 1 1 2 2 2 1 2 2 1 0 1 2 2 1 0 1 1 0 0 1 1 1 0 1 1 1 1 0 1 1 0 0 1 1 0 1 2 1 2 0 2 0 1 0 0 2 2 1 1 1 0 2 1 2 0 2 0 2 0 0 2 1 0 1 0 1 2 1 0 0 1 0 1 0 2 0 1 1 1 0 1 2 2 2 2 0 0 0 2 2 1 1 1 1 2 2 2 2 2 1 0 1 1 2 0 0 2 1 0 2 1 0 1 0 1 2 0 1 2 2 2 1 1 2 2 2 0 2 1 1 2 1 1 2 2 0 2 0 0 1 2 2 2 2 0 0 0 2 1 2 0 2 1 2 1 0 1 1 1 1 1 0 0 0 1 0 2 0 0 0 2 1 0 1 1 1 2 0 1 2 2 1 2 2 1 0 0 1 0 1 0 0 0 1 1 0 0 2 0 2 1 0 2 0 1 2 0 2 1 1 0 1 1 2 1 1 1 0 2 1 0 0 1 2 2 2 1 2 0 0 0 1 2 2 2 1 0 1 0 0 2 0 2 2 2 2 2 1 2 1 0 0 2 0 0 0 1 0 2 0 0 1 2 0 0 0 2 2 1 0 2 1 0 2 2 2 0 0 0 0 0 2 0 1 2 0 0 2 1 2 1 1 1 2 2 0 1 1 2 1 2 1 2 0 1 0 0 1 2 0 2 2 2 0 0 1 1 2 0 1 1 0 1 2 2 2 0 2 0 0 2 1 0 2 2 1 2 1 1 2 0 1 1 0 1 2 0 0 1 2 2 1 1 1 2 2 2 1 0 0 0 0 0 2 0 0 0 0 0 1 1 0 0 0 0 2 2 2 2 0 2 1 2 2 0 0 2 0 2 1 2 0 0 2 2 1 1 0 0 1 0 1 2 0 2 0 2 1 1 2 0 0 2 2 0 1 0 0 0 0 2 2 0 1 0 0 1 2 1 0 2 1 0 0 0 1 0 1 0 1 1 0 0 0 2 0 2 0 2 0 0 2 2 2 2 2 0 1 0 0 2 2 2 1 1 0 1 0 1 1 1 2 1 2 2 2 0 1 1 2 1 0 0 0 0 2 0 1 2 1 1 0 2 1 2 0 1 0 2 1 1 1 1 2 0 0 0 0 0 0 0 1 0 0 1 1 0 1 0 1 2 2 1 1 2 1 2 1 1 0 2 1 0 2 1 1 0 1 1 0 0 2 0 1 1 1 2 1 2 1 1 2 2 2 2 0 1 2 2 2 1 1 2 0 0 0 0 2 1 0 0 0 2 2 1 2 0 0 2 2 0 1 1 0 1 2 0 2 2 2 2 2 0 0 0 0 2 1 1 0 2 1 0 2 0 0 0 0 0 0 2 0 2 1 2 1 2 0 0 1 0 0 2 1 0 1 2 2 2 0 2 1 1 1 0 2 1 1 2 2 1 2 2 1 2 0 1 2 2 2 0 2 1 1 2 1 1 0 2 2 0 2 1 0 1 0 0 0 1 1 1 1 1 2 0 0 1 1 2 0 1 2 2 1 2 2 1 2 0 0 0 2 1 2 1 1 1 0 0 0 0 1 1 1 1 2 2 2 2 0 0 1 0 1 0 0 1 2 0 0 2 2 2 1 2 1 1 2 1 1 1 2 2 0 0 0 2 0 0 1
250
2 2 1 2 1 2 2 2 0 1 0 2 1 2 1 0 0 1 2 1 1 0 2 0 0 0 2 0 0 1 1 0 2 0 1 2 2 0 1 1 2 0 2 0 2 2 0 2 0 1 0 1 2 0 2 0 0 1 2 1 1 0 2 2 2 1 2 0 2 0 2 0 0 0 1 1 1 1 0 1 1 2 1 1 1 2 1 0 0 2 0 2 2 2 1 2 0 1 1 1 0 0 2 2 0 1 1 1 2 1 1 0 0 0 0 0 2 2 2 1 2 2 1 1 1 1 1 2 1 2 2 0 0 1 2 0 1 2 2 0 0 0 0 1 0 0 2 0 1 1 1 0 2 1 2 2 0 1 0 0 2 1 1 0 2 1 0 2 2 0 2 0 1 1 1 1 1 1 1 2 2 1 0 1 0 1 0 2 2 1 2 1 2 2 1 2 2 2 0 2 2 1 2 0 0 2 1 1 0 2 0 2 1 1 1 2 1 2 1 0 0 2 0 0 2 0 1 1 2 2 0 0 1 1 0 1 2 0 0 1 2 1 0 2 0 0 0 1 0 0
452
2 0 1 0 2 0 0 0 2 2 1 0 1 1 2 1 1 0 0 2 1 1 1 1 2 2 1 2 0 1 1 2 0 2 1 2 1 1 2 0 2 1 1 2 2 1 0 1 2 0 2 2 2 1 2 0 2 0 1 2 1 2 2 0 0 0 2 0 0 2 0 0 2 0 0 2 0 0 1 2 2 1 2 0 0 0 2 1 2 1 0 2 0 1 1 2 2 2 1 2 2 0 0 2 2 1 2 0 2 2 0 0 0 0 2 2 0 2 0 1 2 1 0 1 2 0 2 2 2 0 2 1 0 1 1 1 2 2 0 2 0 1 1 0 2 1 0 0 1 1 2 0 2 1 2 1 2 0 0 2 1 1 0 1 1 2 1 1 2 0 1 2 2 0 2 0 1 0 1 1 0 0 2 0 0 2 2 1 1 2 2 0 1 0 2 2 1 0 2 1 0 2 2 2 2 2 1 1 1 1 0 0 2 1 0 0 0 0 2 2 2 0 2 2 0 0 2 1 1 2 0 2 1 2 1 2 2 1 2 1 1 2 0 1 2 1 0 2 2 2 1 2 2 1 0 0 2 0 0 2 0 1 1 2 1 0 2 1 0 0 2 0 1 0 2 0 2 2 1 1 2 1 1 0 1 1 1 0 1 1 0 1 2 0 0 1 1 2 1 0 0 0 1 2 0 1 2 2 2 2 1 0 1 2 2 1 2 2 1 2 1 2 0 0 0 2 0 1 1 0 1 1 2 0 0 1 1 2 1 1 0 0 1 2 2 2 2 0 2 2 1 1 0 1 2 0 2 2 0 0 2 2 0 1 1 0 0 0 0 1 2 2 0 2 1 0 2 1 0 2 0 0 2 1 1 0 1 0 2 2 1 2 0 0 0 2 2 0 1 0 0 0 2 0 1 2 1 0 0 1 1 1 0 2 1 0 0 1 0 0 2 0 1 2 2 0 0 2 1 0 0 2 2 0 0 2 0 0 0 0 1 1 2 1 1 1 2 1 0 1 0 2
267
0 2 2 2 1 1 2 0 2 0 1 0 0 1 2 0 0 0 1 2 1 2 2 2 0 2 2 0 1 1 0 0 1 1 2 2 0 2 1 2 2 0 0 2 1 0 1 0 0 1 1 1 0 0 2 1 2 2 2 1 1 1 1 1 1 0 0 0 0 2 1 1 2 1 1 2 2 0 1 1 0 0 0 0 0 0 0 0 0 1 0 1 2 2 2 2 1 1 0 1 0 1 1 1 1 2 1 2 0 0 1 1 0 2 2 0 0 2 1 0 1 2 1 1 1 0 2 0 1 0 1 0 0 1 0 1 1 1 0 2 1 2 0 2 0 1 2 1 1 2 2 2 1 0 0 0 0 0 2 1 2 2 1 2 0 0 0 2 2 1 2 2 2 1 0 2 0 2 2 0 0 1 1 0 0 2 0 1 2 0 2 1 0 1 2 0 2 1 0 2 2 0 2 1 2 2 0 1 1 1 0 0 0 2 1 1 1 1 0 2 1 0 0 0 1 2 2 1 0 0 2 2 1 1 0 0 0 0 2 1 2 1 1 2 0 1 2 2 0 1 1 2 1 2 2 2 0 2 1 0 2 0 1 0 2 0 2
410
2 0 2 1 1 0 2 1 1 1 2 2 2 1 0 1 2 1 2 2 2 2 1 1 2 1 1 1 0 1 2 1 1 2 1 0 2 0 1 2 0 0 0 1 1 1 0 2 0 2 0 1 2 1 2 1 2 0 0 0 1 1 1 1 2 1 1 1 2 1 1 0 0 1 0 1 0 2 2 0 1 1 1 0 2 0 1 0 0 0 2 1 0 1 1 1 0 2 1 2 2 1 0 2 2 0 1 2 1 0 2 0 0 0 1 0 1 1 2 2 1 2 1 1 0 2 0 1 0 0 0 2 2 0 1 0 1 1 1 1 1 1 2 1 1 0 0 1 1 1 1 0 2 1 1 1 1 2 0 0 0 2 1 0 2 2 1 1 0 1 1 1 2 2 0 1 0 1 2 1 2 1 0 2 0 1 0 1 0 0 1 1 2 0 0 1 1 2 0 2 1 2 0 1 2 2 2 2 0 2 2 2 0 2 2 2 1 0 0 0 0 0 0 0 2 0 0 0 0 2 2 1 1 2 2 0 0 2 2 2 2 0 0 0 1 1 2 1 1 1 1 1 1 1 2 2 1 0 2 2 1 0 2 0 0 0 1 0 0 2 0 0 0 0 2 0 2 2 0 1 2 1 0 1 0 0 2 2 1 2 0 2 1 1 0 2 0 2 0 2 2 2 2 1 0 1 0 2 0 1 0 0 1 1 0 0 2 1 0 0 0 0 0 1 0 1 0 2 1 0 2 0 1 1 2 0 0 1 0 2 2 2 0 1 1 1 0 0 2 1 2 0 0 1 2 0 0 1 0 0 1 1 2 1 1 1 0 1 2 2 2 2 2 0 2 0 2 1 1 1 2 0 1 2 1 2 1 0 0 1 0 2 2 1 2 2 0 0 0 0 0 1 2 0 2 2 0 1 2 0
288
1 2 0 0 0 2 1 1 0 0 1 1 0 1 1 0 0 0 2 1 1 2 0 1 0 0 1 1 1 2 1 0 0 0 2 0 0 1 1 0 0 2 2 2 2 0 0 2 1 2 1 1 1 2 1 1 1 2 0 2 1 0 1 1 0 0 1 2 2 2 1 1 2 1 0 1 0 0 1 1 1 1 0 1 2 2 2 2 2 2 1 2 1 0 0 2 0 0 1 0 2 0 0 2 0 2 1 0 2 2 0 0 0 0 2 0 2 1 2 1 2 0 2 0 2 0 0 1 1 1 0 2 1 0 1 2 1 2 1 2 1 1 1 2 0 0 2 0 0 2 2 2 0 2 1 1 1 2 2 0 1 1 1 0 2 0 0 0 0 1 0 2 0 2 1 2 2 0 1 0 2 1 1 1 2 1 2 0 0 2 2 1 1 1 0 0 1 0 0 1 0 0 1 0 0 1 2 0 2 0 0 1 1 1 0 0 1 0 2 1 0 2 2 1 0 1 2 0 2 2 2 2 1 1 0 2 0 0 2 1 0 2 2 1 0 0 2 2 1 0 2 2 2 1 2 1 1 0 2 2 0 0 0 2 1 0 0 2 2 1 0 2 1 0 2 0 2 1 0 2 0 0 2 1 1 1 2 1
422
2 0 1 2 0 2 0 1 1 0 0 1 0 0 1 1 0 0 2 0 1 1 0 1 2 1 2 1 1 2 0 0 1 0 1 0 0 0 0 0 2 2 1 2 2 1 1 1 0 1 0 2 0 2 0 1 0 1 2 2 2 0 1 2 2 2 0 1 2 1 2 2 0 1 1 2 2 2 1 2 1 1 2 2 1 0 1 1 0 0 0 1 1 1 0 0 0 0 1 0 2 0 2 1 2 1 0 1 0 0 1 1 0 1 2 0 1 1 2 2 1 2 2 2 2 2 0 1 2 1 2 2 1 0 1 2 1 0 0 1 2 1 0 0 1 0 1 1 2 2 0 0 1 2 0 2 1 2 2 1 0 0 0 0 0 2 0 2 0 1 0 1 2 1 1 2 0 1 0 1 0 1 1 0 1 0 2 2 1 0 1 2 0 1 2 1 1 2 2 2 0 1 1 2 2 0 2 0 0 0 0 0 2 1 1 2 1 0 0 1 1 2 0 0 0 2 0 0 1 0 1 2 0 1 2 0 0 1 2 1 0 2 1 2 0 2 2 0 2 1 1 2 2 1 0 0 0 0 2 2 2 0 2 2 2 0 0 2 0 1 1 2 0 0 0 2 0 1 0 0 0 0 1 0 1 2 0 1 0 2 0 1 1 0 1 2 2 0 0 2 0 1 2 2 1 1 2 0 2 2 1 0 2 1 0 1 2 2 1 1 1 1 2 2 0 0 1 1 0 0 1 1 0 2 0 0 2 0 1 1 1 0 0 2 0 1 1 0 1 0 1 2 2 0 1 0 2 1 2 1 0 1 2 2 2 2 2 0 1 2 1 1 0 0 1 0 2 2 1 1 0 2 0 1 2 0 1 1 1 1 2 0 2 2 0 2 0 2 2 0 1 1 2 2 0 0 2 0 1 0 1 1 0 2 1 1 1 1 0 2 0 1
924
1 0 2 1 0 1 2 2 0 0 1 2 1 2 1 1 0 0 1 0 2 1 0 0 2 1 2 1 0 1 1 0 0 0 1 0 2 0 1 1 2 0 0 1 1 2 2 2 2 0 1 1 0 0 1 2 0 1 0 1 2 2 2 0 1 1 1 1 2 2 2 1 2 2 2 1 0 0 2 1 0 2 0 1 1 0 2 2 0 2 0 0 2 2 1 0 1 1 2 0 2 1 2 0 1 2 0 2 0 0 0 1 0 1 1 1 0 1 1 0 2 1 0 1 1 1 1 2 1 1 2 1 0 1 1 1 1 1 2 0 0 1 2 1 2 0 0 1 1 1 2 1 0 2 0 1 2 2 0 0 2 2 0 2 1 0 0 2 2 2 0 0 1 0 0 0 2 1 0 1 2 1 1 2 0 0 0 2 1 2 0 0 1 1 1 0 1 1 1 1 1 0 1 2 1 0 0 0 2 1 1 0 0 1 2 1 2 0 2 2 1 0 1 0 0 1 2 0 1 1 2 2 1 1 0 2 0 1 2 1 1 0 0 2 1 0 0 1 0 1 2 1 2 1 1 2 2 1 2 1 1 0 0 1 1 2 2 0 2 0 1 1 2 1 0 2 0 2 0 0 1 0 0 0 1 1 0 1 2 0 1 2 0 0 1 2 0 1 2 0 2 2 1 1 0 1 0 2 0 0 0 2 1 2 2 0 0 0 1 2 1 1 0 0 1 2 2 1 1 0 1 0 2 2 2 0 0 0 2 2 1 1 2 1 2 2 2 1 2 0 1 2 2 1 0 1 0 2 0 1 1 1 2 2 2 0 0 2 1 1 2 1 1 1 2 2 2 1 0 1 1 0 0 1 2 2 0 1 1 1 1 1 2 0 2 1 1 0 1 2 2 0 0 1 1 2 1 2 0 0 0 1 2 0 0 2 2 1 2 2 2 0 1 1 2 1 1 2 2 2 2 2 0 1 2 2 1 1 1 2 1 2 0 1 2 1 1 2 2 2 1 1 1 0 2 2 0 1 0 2 0 2 2 2 0 2 0 1 0 0 2 2 0 2 0 2 2 1 2 0 0 0 0 1 1 0 0 0 1 0 0 2 1 0 2 1 0 1 1 2 1 1 1 1 0 2 0 0 2 2 0 0 0 2 2 0 0 2 1 1 0 1 2 2 2 1 0 1 2 2 1 0 2 1 1 1 0 1 2 2 0 0 2 1 1 2 0 2 1 0 1 0 0 2 1 0 1 0 0 1 0 2 0 1 2 1 1 0 2 0 0 2 2 1 0 2 0 0 0 1 2 2 1 1 2 0 1 1 2 2 2 0 1 1 0 2 0 0 0 1 1 0 0 0 1 2 1 2 1 2 0 2 2 2 2 1 1 1 1 1 0 2 1 0 2 1 1 0 1 1 1 1 2 0 2 0 1 0 0 2 2 2 0 1 1 1 0 2 0 1 0 0 2 0 1 0 2 0 0 2 0 1 2 0 0 1 2 2 2 0 1 0 1 2 2 0 1 0 1 2 1 1 2 2 2 1 2 0 1 2 1 0 1 0 2 1 2 2 1 0 1 2 0 0 0 2 2 0 0 1 0 1 0 1 0 0 1 0 1 2 0 2 2 0 1 2 1 1 0 0 2 1 1 2 1 1 0 1 2 2 0 1 1 0 1 1 2 1 2 2 2 1 2 1 1 1 2 2 1 0 0 1 0 2 2 0 1 1 2 2 2 0 1 1 1 0 1 2 0 2 0 2 0 2 1 2 2 1 1 2 0 1 1 0 1 2 0 0 2 0 1 1 2 1 0 2 0 2 2 2 0 0 2 2 2 0 1 1 0 0 2 2 1 2 2 2 0 1 1 2 2 1 0 0 2 1 2 1 0 2 2 1 2 0 0 0 2 0 2 1 2 0 1 0 0 1 1 1 1 1 0 2 0 0 2 2 1 0 0 2 0 1 2 0 2 2 2 0 0 2 1 1 2 1 2 2 1 1 1 1 1 1 2 2 1 1 1 0 2 2 1 2 2 1 2 0 0 2 1 1 1 2 2 1 1 2 2 2 2 0 0 1 1 2
246
1 1 0 0 0 0 2 1 2 1 2 0 2 0 0 1 2 1 0 2 1 0 1 2 0 1 1 0 2 1 0 0 2 2 2 2 2 2 0 0 2 0 0 1 1 0 1 0 1 1 0 2 2 0 1 0 0 2 1 1 1 2 2 0 2 0 1 2 2 0 2 1 0 2 0 0 1 1 1 1 2 0 2 2 2 1 1 1 1 2 2 1 2 2 0 0 0 1 1 0 1 1 2 1 1 2 1 1 2 1 0 2 1 2 0 0 0 2 2 1 2 2 1 2 2 2 2 2 2 2 0 0 0 0 2 2 2 2 1 2 2 1 1 1 2 0 0 1 1 1 2 0 0 0 2 2 1 0 1 1 1 2 2 2 0 2 2 0 0 2 0 0 2 0 0 1 0 2 2 2 0 0 0 1 2 1 0 1 0 2 1 1 2 2 0 2 0 0 2 0 1 1 2 2 2 2 2 1 1 0 1 0 1 1 1 2 1 2 1 2 2 0 0 0 2 0 0 2 0 1 1 1 0 1 2 2 2 2 2 1 0 0 0 2 0 1
91
1 2 1 2 0 2 2 2 2 2 2 1 1 2 2 2 2 0 2 2 2 1 1 2 2 1 2 1 2 2 1 1 2 0 1 2 0 2 0 0 0 1 2 2 2 1 1 2 0 1 0 2 1 1 2 2 2 2 1 2 1 1 1 1 0 2 1 2 0 2 2 0 2 1 2 2 1 2 0 0 2 1 2 2 0 2 2 2 0 0 0
72
1 1 0 2 2 2 0 0 0 0 2 0 2 2 1 0 0 0 2 2 2 2 2 2 2 2 1 1 1 1 0 2 0 2 1 2 2 2 2 2 1 2 1 2 2 1 2 2 0 1 1 2 1 0 0 2 0 1 1 2 0 0 0 0 2 0 2 0 0 0 1 2
676
0 0 0 2 2 0 0 2 0 1 2 2 2 2 1 2 0 0 1 2 0 1 2 0 2 1 2 0 0 0 2 2 0 0 1 2 2 1 0 2 1 2 2 2 0 1 1 1 2 1 0 0 0 1 2 2 0 2 2 1 1 2 2 0 2 0 0 2 1 2 2 2 1 0 2 1 1 1 0 1 1 1 1 0 0 2 0 2 0 0 1 2 1 2 1 2 0 0 2 2 2 0 1 0 2 2 1 1 1 2 1 1 0 2 2 0 2 2 1 0 2 1 2 2 0 2 2 0 1 0 2 2 2 1 2 2 1 1 0 2 2 0 2 1 2 1 2 1 2 0 1 0 0 0 0 1 1 2 1 1 0 2 2 0 0 0 0 1 1 2 1 1 0 2 2 1 0 1 1 1 2 1 1 0 2 0 1 2 2 2 0 2 1 1 0 2 2 2 1 2 2 0 0 1 2 0 2 2 1 0 2 1 1 2 0 2 0 1 1 2 2 1 0 0 0 1 2 1 0 0 1 0 0 0 0 2 0 1 2 2 2 0 0 2 0 1 2 1 1 0 1 2 2 0 2 2 2 2 0 0 1 0 1 2 2 1 0 0 2 1 1 1 1 2 1 0 1 1 0 2 2 1 0 2 0 2 2 1 2 0 0 2 1 1 1 2 2 2 2 1 0 0 2 0 2 2 0 2 0 0 0 0 2 1 2 1 1 0 0 2 1 0 1 1 2 1 0 1 1 0 1 2 0 0 0 0 2 0 1 2 1 2 2 2 2 0 2 2 2 0 2 1 2 2 2 0 1 0 2 2 1 1 0 1 2 0 0 2 0 1 0 2 0 1 0 0 0 2 1 0 1 1 0 2 1 0 2 2 1 2 1 1 2 2 2 1 2 2 0 0 2 2 2 1 1 0 0 0 1 1 0 1 1 0 0 1 0 0 2 0 2 2 2 1 2 0 1 0 1 1 1 0 0 0 2 2 2 0 0 0 1 0 0 0 0 1 0 2 2 0 1 2 1 0 2 2 2 1 0 1 2 1 2 2 2 1 0 0 0 1 1 2 1 2 2 0 0 2 0 2 0 1 1 0 1 2 2 1 0 0 0 0 1 1 1 0 0 0 0 2 1 1 0 2 1 0 0 2 1 1 0 1 1 0 1 0 0 2 0 1 1 2 2 2 0 0 2 2 2 1 1 1 2 1 1 2 0 1 0 1 0 1 0 1 0 2 1 1 0 2 0 0 0 0 0 1 1 2 1 2 2 2 1 0 2 0 2 2 1 2 2 0 1 0 1 0 1 1 0 2 0 1 2 2 0 1 2 0 2 0 2 1 1 1 0 0 0 0 0 1 0 2 0 0 2 0 2 2 1 0 2 2 0 0 2 2 2 1 1 2 0 0 2 1 0 0 0 2 0 1 2 2 2 1 0 0 0 1 1 2 2 0 0 1 2 2 2 1 1 1 1 2 2 2 1 2 1 1 1 0 0 0 1 2 2 0 0 0 2 2 0 1 0 1 0 1
305
2 1 1 1 2 2 1 2 1 0 2 1 1 2 0 0 0 1 0 1 1 0 0 2 2 2 1 1 0 1 0 2 2 2 0 0 2 1 1 2 0 2 2 0 1 2 0 0 1 2 0 0 0 1 0 2 2 2 0 0 1 1 0 0 0 1 2 2 2 1 2 0 0 0 0 0 0 2 2 2 1 0 2 2 2 0 2 1 1 1 1 2 0 2 0 2 0 0 2 1 2 1 0 2 0 0 2 1 0 0 1 2 1 0 2 1 1 2 0 1 2 0 0 1 1 0 2 1 0 2 2 0 1 0 0 1 0 0 1 0 1 2 0 1 1 0 1 2 1 2 1 2 1 1 1 0 1 0 2 1 1 2 1 2 2 2 0 2 0 2 2 2 0 1 1 2 0 2 2 1 1 1 1 0 2 2 2 1 0 0 0 1 1 0 1 0 0 1 2 0 0 2 1 0 1 2 2 2 0 2 0 0 1 1 1 1 2 2 2 2 0 2 2 2 0 0 2 2 0 0 0 1 1 0 0 1 0 2 2 0 0 0 2 2 0 0 1 1 0 1 2 0 2 0 1 1 2 2 1 0 2 1 1 0 0 0 0 2 1 0 1 1 1 0 0 1 1 1 2 1 2 1 0 2 2 0 1 0 2 2 1 0 0 0 0 0 2 0 0 0 1 0 1 1 2
930
0 2 0 0 2 0 1 1 2 1 1 1 1 1 1 0 2 2 0 1 1 1 0 2 2 1 0 2 0 0 2 0 1 0 0 1 1 0 2 0 2 2 1 1 0 2 1 1 0 0 0 2 0 2 0 2 1 0 1 0 2 2 1 2 1 2 1 0 0 2 1 1 2 0 0 0 1 1 2 0 1 2 1 0 0 2 1 2 2 1 2 1 0 1 2 2 2 0 0 0 0 2 1 1 1 0 0 1 1 1 1 2 2 2 0 2 0 2 2 1 1 2 0 2 1 2 0 2 0 1 2 0 0 2 1 0 2 1 0 2 0 1 1 2 0 0 1 0 0 1 2 0 2 1 1 0 0 1 2 0 1 1 1 1 0 2 1 0 1 1 0 1 1 1 0 0 1 0 1 1 1 2 1 2 2 1 1 1 0 0 1 1 2 2 1 0 2 0 2 2 1 2 1 1 0 2 0 0 0 0 1 1 0 0 0 1 1 0 0 1 1 0 0 0 0 0 0 2 2 0 2 2 1 1 0 1 0 2 2 1 2 2 0 0 2 1 2 2 2 0 0 1 0 2 1 1 1 2 0 0 0 2 2 0 2 2 1 1 2 1 2 2 1 0 0 0 0 2 2 1 1 2 1 2 1 1 0 2 2 0 1 0 1 2 1 1 2 0 2 2 2 2 2 1 0 2 0 2 1 1 1 1 0 0 2 0 2 0 0 1 0 1 2 0 1 1 0 1 1 0 2 0 2 1 2 0 0 1 0 0 1 0 2 1 0 0 2 2 1 1 0 2 1 1 1 2 0 2 1 0 1 2 0 2 2 2 0 0 2 1 1 1 1 2 2 2 0 0 1 0 0 1 0 1 2 2 2 1 1 0 0 2 2 1 0 0 0 1 0 1 1 2 1 0 2 2 2 2 0 2 0 2 1 0 1 2 0 0 0 1 0 1 0 0 2 0 0 0 0 2 1 2 0 2 2 0 0 0 1 0 0 1 0 2 0 2 2 1 1 0 2 1 1 2 2 1 1 1 1 0 2 2 1 2 1 1 2 0 2 2 0 1 0 2 0 1 2 0 2 0 2 1 1 1 1 2 2 0 1 1 0 1 0 2 1 1 0 1 1 1 2 1 1 0 2 0 0 0 2 2 2 2 0 2 2 0 1 1 2 1 0 1 0 1 1 2 1 0 0 1 1 2 2 2 1 0 2 2 0 2 1 2 0 1 1 2 1 2 2 2 2 0 2 0 0 0 0 0 1 1 0 0 2 0 2 0 2 0 2 1 0 1 0 0 2 0 0 2 0 1 1 1 2 1 2 1 0 0 2 1 2 1 0 2 2 1 1 2 2 2 1 1 2 0 2 0 2 1 2 0 1 2 0 0 2 1 0 1 1 1 2 0 2 1 1 1 2 0 0 0 0 2 2 1 1 2 1 1 2 0 2 1 0 1 1 1 1 0 1 1 2 0 1 2 0 1 0 1 2 0 1 0 2 2 1 1 2 0 0 2 0 2 1 0 2 0 2 0 0 1 2 2 1 2 1 0 1 2 2 1 1 1 1 0 0 2 0 0 0 0 0 0 1 0 0 0 0 1 0 2 2 2 2 2 1 2 1 2 1 2 0 1 2 1 0 2 1 1 1 1 2 1 1 0 2 1 1 2 0 0 0 2 0 2 2 1 0 1 0 0 1 0 1 1 2 0 2 0 2 2 1 1 2 1 2 0 0 0 1 1 2 0 0 0 1 0 1 1 0 1 0 0 1 1 1 2 2 0 1 0 1 1 2 0 0 2 0 2 1 1 0 2 1 2 0 1 1 2 0 1 0 1 2 1 0 1 0 0 0 0 1 1 0 0 2 2 0 1 2 0 2 0 0 2 0 2 2 2 2 2 2 2 1 2 2 0 0 1 1 1 0 1 0 0 2 0 1 1 2 0 1 0 2 0 0 0 1 1 1 1 1 0 2 2 0 2 1 1 0 2 1 0 2 0 0 0 1 2 2 1 2 0 2 1 2 1 0 1 0 2 1 0 1 2 0 1 2 1 0 2 2 1 2 2 1 2 2 1 0 0 0 0 0 1 0 2 1 2 0 1
231
1 0 0 2 2 0 1 1 0 0 1 1 0 0 2 0 2 2 1 2 1 1 0 0 0 2 2 1 0 0 2 0 2 1 0 1 1 1 0 1 2 0 1 0 1 2 2 1 2 0 0 2 0 2 1 1 1 1 0 1 1 0 2 1 1 2 1 0 0 1 2 0 0 1 0 0 1 2 1 0 0 0 0 2 0 1 0 2 2 2 2 1 0 2 1 0 2 0 1 1 0 0 1 0 2 2 0 0 1 2 0 1 2 0 0 2 0 2 2 1 2 0 1 1 0 1 2 2 0 2 1 1 2 0 0 1 1 0 2 2 1 1 0 1 0 2 1 2 0 0 1 1 0 0 1 1 0 2 2 1 2 1 0 1 0 0 0 0 2 1 2 2 2 0 0 1 0 1 2 0 0 0 0 0 2 2 2 1 2 2 2 1 0 2 1 1 2 2 2 0 2 0 1 1 0 0 1 2 2 0 1 0 0 2 2 2 1 2 2 1 2 2 2 2 1 1 0 0 1 1 0
995
1 2 0 1 2 1 1 1 2 0 0 2 0 0 1 0 2 1 1 0 2 1 0 1 0 0 0 2 2 1 2 0 1 2 0 2 2 0 1 0 1 1 2 1 1 0 1 0 2 0 2 2 1 0 1 2 2 0 1 0 0 2 1 1 0 2 2 2 2 0 2 1 1 0 0 2 1 1 0 2 1 1 1 2 0 0 2 2 2 0 2 2 0 2 1 2 1 1 2 2 1 0 2 1 1 1 2 1 1 1 0 0 1 1 0 0 1 0 2 0 2 0 2 0 1 0 2 2 0 0 2 0 0 0 0 2 2 0 2 2 2 1 1 2 0 1 1 0 0 0 1 2 0 1 1 0 1 1 2 1 1 0 1 2 2 0 1 1 1 2 2 1 1 0 2 1 2 2 1 0 1 2 1 1 2 2 1 0 2 2 0 2 2 2 1 2 0 2 2 0 2 0 2 1 1 0 1 2 0 2 2 1 2 0 1 0 2 1 2 0 0 2 0 1 2 0 2 0 2 1 0 0 2 2 0 0 0 1 2 1 0 0 1 1 1 1 0 2 2 0 2 1 2 0 0 0 0 1 2 0 2 1 2 2 0 0 2 0 2 2 2 1 1 1 1 2 0 2 1 2 2 0 0 2 1 1 2 0 2 0 1 1 1 2 0 0 1 0 0 1 0 2 2 1 1 0 1 1 0 0 1 2 1 2 0 1 0 0 2 2 2 1 0 0 1 2 1 0 0 1 0 1 1 2 1 2 0 2 1 2 1 1 0 2 2 0 2 2 0 2 1 2 1 2 1 0 0 0 2 1 1 1 0 1 1 2 2 2 0 1 2 1 1 2 0 1 0 1 2 0 1 1 0 2 2 1 1 1 1 0 1 0 1 0 2 2 2 1 2 0 1 2 1 1 2 1 0 2 2 1 0 1 1 0 1 1 0 1 0 0 0 2 0 2 2 2 1 1 0 1 2 1 2 0 0 1 2 2 2 1 1 1 1 0 2 0 0 1 1 1 0 1 0 1 1 1 1 0 1 2 2 1 1 1 2 2 0 0 1 2 2 2 1 1 1 2 1 2 2 1 1 0 0 0 2 0 0 2 0 2 1 0 2 0 0 2 2 2 0 2 0 2 2 1 2 0 1 0 0 1 1 0 0 2 2 2 1 2 1 2 2 0 1 1 0 1 2 1 1 0 0 0 0 2 0 0 2 1 2 2 2 0 0 1 0 2 1 2 0 0 1 2 2 1 0 0 0 2 1 1 1 0 2 0 1 2 2 0 2 2 1 1 1 0 0 0 2 1 2 0 1 2 0 2 2 2 2 0 0 0 1 1 2 1 1 2 0 1 0 2 2 1 2 2 1 0 2 2 0 1 0 1 0 1 1 1 0 2 0 1 1 1 0 2 0 2 2 1 2 0 1 0 1 1 0 2 1 1 0 1 0 0 0 1 1 2 0 1 0 2 0 0 2 2 1 1 2 2 0 0 0 0 1 1 2 2 0 1 1 2 2 2 0 0 2 2 2 2 2 2 1 2 2 2 0 0 2 0 1 2 0 1 0 0 2 1 0 1 2 1 2 0 2 2 1 0 2 0 2 1 1 0 0 0 2 0 0 1 1 0 1 1 0 2 0 1 0 0 1 1 1 0 0 0 1 0 1 0 0 1 0 1 1 0 0 2 1 2 2 0 0 1 0 1 2 2 2 2 2 1 2 1 0 2 0 1 1 1 0 2 0 0 2 0 0 2 2 0 1 2 0 1 2 1 0 1 0 0 2 0 2 0 1 1 2 2 0 0 1 2 2 0 2 0 0 2 0 2 2 1 2 2 1 2 1 2 1 0 1 2 2 1 1 0 0 2 0 1 0 1 0 1 1 0 0 1 2 0 2 2 0 2 2 0 1 1 0 2 1 2 2 2 2 1 1 0 1 2 1 2 1 0 1 1 0 0 0 1 0 0 2 2 2 0 1 0 2 2 2 1 1 0 1 1 2 2 0 2 0 2 0 1 1 2 1 2 1 2 2 2 0 2 2 0 1 0 0 2 2 2 2 0 1 2 1 2 2 2 2 1 1 1 2 1 0 2 0 1 1 2 1 2 1 2 0 1 2 0 0 2 1 2 2 0 0 0 0 0 2 1 2 1 2 1 0 1 0 1 2 1 2 0 2 1 0 1 2 2 2 2 2 1 1 0 1 1 2 1 1 2 0 2 1 2 1 2 1 1 1 0 0 0 0 1 1
931
0 1 2 2 2 2 1 0 0 1 2 2 2 0 0 2 1 1 1 0 0 1 2 1 2 0 0 2 1 0 1 2 2 2 2 2 2 1 2 1 0 0 2 1 1 1 0 1 1 2 0 1 0 0 0 1 1 2 0 1 2 0 0 2 2 0 2 2 1 0 0 1 2 0 1 0 0 0 0 2 2 2 0 2 0 2 1 2 1 2 1 2 0 1 0 2 0 1 0 0 0 2 1 2 2 0 0 0 1 1 2 1 0 2 2 2 2 1 1 0 2 2 1 2 2 0 2 1 1 1 0 0 1 0 0 1 2 0 1 2 1 1 0 0 2 1 2 0 0 2 0 2 0 0 0 1 1 1 1 0 0 2 2 0 0 1 0 2 2 2 1 0 0 0 2 0 0 2 1 2 2 0 1 2 1 2 0 2 1 0 1 2 0 2 2 2 2 2 2 2 1 0 2 2 1 0 2 1 1 1 2 1 1 1 1 2 1 1 0 0 2 1 0 2 2 2 2 1 2 2 1 0 1 0 1 0 2 1 2 1 2 1 1 2 1 0 0 2 2 2 1 1 0 0 0 0 2 0 2 1 0 1 2 2 2 1 0 0 0 1 0 0 1 0 2 2 1 0 0 1 0 1 1 1 1 0 2 2 0 1 1 0 0 2 2 1 2 0 0 0 1 0 2 1 2 0 0 0 1 0 0 0 2 0 0 2 2 0 1 1 2 2 0 1 1 1 1 1 1 1 0 1 0 2 1 2 2 0 1 0 1 2 1 0 0 2 0 1 2 0 1 2 1 1 1 1 2 0 1 2 0 1 0 2 1 1 2 2 2 1 0 2 0 2 1 0 2 2 0 0 1 1 2 0 0 0 2 0 1 1 1 1 0 2 0 0 2 1 1 0 0 0 1 2 1 0 2 0 0 0 2 2 2 2 0 0 1 2 1 2 2 1 0 0 1 1 0 2 0 0 2 2 1 1 0 1 2 0 0 0 0 1 2 0 2 1 1 2 0 2 0 1 2 2 1 1 1 2 1 1 2 2 0 0 1 2 0 2 1 2 2 2 2 1 0 0 0 0 2 0 0 1 0 2 0 0 0 1 0 0 2 1 0 0 1 1 2 1 1 1 1 2 2 0 2 1 1 0 0 2 1 2 1 0 2 0 2 0 2 2 0 1 2 1 1 0 1 2 0 1 2 2 0 1 0 0 2 2 2 1 2 1 0 1 0 2 0 0 1 0 1 0 2 0 1 2 2 1 0 1 0 0 1 0 0 1 0 2 2 1 0 2 1 1 0 1 2 2 0 0 0 0 2 2 2 0 2 2 1 2 2 0 0 1 0 1 1 0 0 1 2 0 0 0 1 0 0 0 2 0 1 1 0 1 2 2 2 0 0 2 1 2 2 0 0 2 1 2 1 2 1 0 0 2 2 1 1 0 1 2 0 0 1 0 0 0 2 1 0 2 2 2 0 2 2 2 0 1 2 0 2 2 0 0 1 0 1 1 0 2 2 1 0 1 0 1 2 1 2 1 0 0 2 0 2 2 1 2 2 0 0 1 1 0 2 1 2 0 2 2 1 2 1 1 2 2 1 0 0 0 2 1 1 1 0 2 0 0 1 1 0 1 0 2 0 0 1 2 0 0 0 2 1 1 2 2 2 2 1 1 0 0 0 1 0 1 0 2 1 2 0 1 1 1 0 1 0 2 0 1 2 2 2 2 1 1 1 1 1 2 2 2 0 2 1 2 0 1 2 2 0 1 0 1 0 1 1 1 2 0 2 0 2 1 2 1 0 0 2 0 2 0 0 1 1 0 1 2 1 0 2 2 1 1 2 0 1 2 2 0 0 2 0 1 0 1 2 2 2 0 2 1 1 1 0 0 0 2 1 1 0 0 1 0 0 2 0 2 1 2 0 1 2 2 2 2 0 1 2 2 2 0 0 0 2 0 1 0 2 0 1 2 1 1 2 2 1 0 2 1 0 1 0 1 1 2 2 2 0 0 2 1 0 1 2 1 2 2 1 0 2 0 1 2 2 1 2 2 2 0 0 1 2 0 1 0 0 0 2 2 2 0 2 0 0 1 1 1 2 2 1
217
2 1 2 1 0 0 0 1 0 2 1 2 0 2 1 2 2 1 2 0 1 2 2 1 2 1 2 0 2 0 1 0 0 2 0 1 0 0 2 0 0 2 2 2 0 0 0 1 0 1 1 2 2 0 1 0 1 2 2 2 0 0 1 2 1 0 2 2 0 1 1 2 0 0 2 2 0 1 0 2 1 0 2 2 1 1 0 1 2 0 1 1 0 1 2 2 2 2 0 0 2 2 1 1 2 0 1 2 2 2 0 0 0 2 0 2 1 1 1 2 0 0 0 0 0 0 1 0 0 1 2 0 0 2 1 0 0 0 1 2 1 1 2 0 2 1 2 0 1 1 2 0 0 0 0 1 0 0 1 0 2 2 1 1 1 1 0 0 2 0 0 2 1 2 0 1 0 2 1 0 0 1 2 0 0 2 0 2 0 2 2 0 2 1 1 2 1 0 0 2 2 0 2 1 2 2 1 2 2 1 2 1 1 0 2 1 0
403
2 0 0 0 0 1 2 2 1 2 1 2 0 2 2 1 1 0 1 2 2 0 1 1 2 1 2 2 2 0 0 2 2 2 1 1 2 2 0 1 0 1 0 2 2 0 1 1 1 2 1 1 0 0 2 1 2 1 2 1 1 2 0 0 2 1 1 2 0 1 1 2 1 2 1 1 1 1 1 1 2 1 2 2 1 0 2 1 2 2 1 2 1 1 1 0 2 2 0 0 1 0 2 2 2 1 1 1 2 0 1 0 2 1 0 0 2 2 1 0 0 2 1 2 0 2 2 1 2 1 1 1 1 1 2 1 2 1 1 1 0 2 1 1 1 1 2 1 1 0 0 2 2 1 0 1 0 0 2 1 2 1 0 0 2 1 1 0 0 0 1 0 1 0 1 0 2 1 0 0 0 0 2 2 2 0 1 0 1 2 0 1 1 1 0 2 2 0 2 0 2 1 0 2 0 0 0 1 1 2 2 1 1 0 1 0 2 0 2 1 0 1 2 1 0 0 0 1 2 1 1 2 1 2 0 0 1 0 0 0 2 1 1 1 2 1 0 0 1 2 0 2 1 0 0 1 1 0 0 0 0 1 1 1 1 2 0 2 2 2 0 1 1 2 1 2 2 1 1 0 1 0 2 0 1 2 0 2 2 2 0 2 2 0 0 1 1 1 1 0 2 1 2 1 2 0 2 1 2 0 2 1 0 1 2 2 1 1 0 2 2 2 2 2 2 2 0 1 1 1 2 1 1 1 1 1 0 1 0 0 0 2 0 2 2 0 0 0 2 0 1 2 0 2 1 1 1 2 0 1 2 0 0 0 0 1 2 1 0 0 0 1 1 0 2 1 0 2 1 2 0 0 0 1 0 1 1 2 2 2 2 0 2 1 1 1 2 0 1 1 2 0 2
80
2 1 2 0 2 2 0 2 1 0 0 1 2 1 2 2 2 2 0 2 2 2 2 2 2 0 0 2 0 2 0 2 2 0 1 2 2 2 2 2 1 1 1 1 1 0 1 0 0 2 1 1 0 1 0 2 0 0 1 2 0 2 2 2 0 1 0 0 1 0 2 0 1 1 2 0 0 0 2 1
881
2 1 1 2 0 1 0 1 1 0 1 1 0 1 0 1 1 1 1 0 0 0 0 1 0 1 2 2 0 1 2 1 1 2 0 2 1 1 2 1 1 1 2 2 0 2 2 2 0 1 0 2 2 0 2 0 1 0 1 0 1 2 2 1 2 2 2 2 0 0 1 2 1 2 2 2 0 0 0 0 0 1 1 1 0 1 2 2 2 1 2 1 1 1 1 2 1 0 1 0 1 1 1 2 1 0 0 0 0 2 2 2 2 2 1 1 0 1 0 2 1 2 2 1 2 0 2 1 1 2 0 2 2 1 0 1 1 0 0 1 0 1 2 0 1 0 1 0 1 0 2 2 2 0 2 0 2 1 1 1 2 2 2 0 1 1 2 0 0 2 2 1 2 2 0 2 1 0 2 2 1 2 1 1 0 0 0 2 1 0 1 2 0 2 0 1 0 2 1 2 1 1 0 1 0 2 2 1 0 0 2 2 2 0 1 1 2 1 2 0 2 1 0 0 2 2 1 1 2 2 0 0 1 0 1 0 1 0 1 0 0 1 2 1 1 1 1 2 2 1 2 1 2 2 1 1 2 1 1 0 0 0 2 0 2 0 0 0 0 2 0 0 1 1 1 0 2 0 2 1 2 2 0 2 1 1 0 1 1 0 0 0 2 2 0 1 2 2 2 0 2 0 2 0 1 2 0 2 2 1 0 1 2 2 1 1 1 0 1 1 1 1 1 1 1 2 1 2 1 2 2 2 2 1 1 1 1 0 2 0 1 1 1 1 0 1 1 2 1 1 0 1 0 2 2 2 1 1 2 1 1 2 1 0 2 0 0 2 1 0 2 2 2 0 2 2 2 1 2 0 2 1 0 1 1 0 0 0 0 2 2 1 0 2 2 1 2 1 0 1 2 1 2 1 2 2 1 1 1 2 0 0 0 2 0 1 1 2 0 1 2 2 2 1 2 1 0 0 0 1 1 1 0 2 2 2 2 1 2 2 2 1 1 0 1 1 0 1 2 1 0 0 1 2 1 1 0 1 0 0 1 0 0 0 2 1 2 2 1 0 2 1 0 2 0 0 2 0 2 2 1 0 0 0 0 1 1 0 1 1 1 1 0 1 0 2 2 2 2 1 2 1 0 1 2 1 0 2 0 2 2 2 0 2 2 0 2 0 2 2 0 1 0 2 1 2 0 1 1 2 1 0 1 0 0 1 1 1 1 2 2 1 0 1 1 0 2 1 2 1 1 2 2 1 2 1 1 1 2 1 1 1 1 0 0 1 0 1 2 1 0 2 0 2 2 2 0 0 2 1 0 0 1 0 1 1 1 1 0 1 2 1 1 1 2 1 1 1 1 1 2 0 0 1 0 0 2 0 1 2 1 0 0 0 0 2 0 0 0 0 0 0 1 2 2 0 0 0 1 1 0 2 1 0 1 2 1 0 0 2 1 0 1 0 2 2 0 2 1 0 1 2 0 0 2 0 1 0 1 0 1 2 0 0 2 0 0 1 0 1 2 1 0 1 2 0 1 2 1 1 2 0 1 2 0 0 0 1 0 1 2 1 2 2 2 1 2 1 2 0 0 2 1 2 2 2 1 2 0 1 2 2 2 1 0 1 2 1 1 0 2 2 1 1 2 0 1 1 0 1 1 2 2 2 1 2 2 1 0 1 1 0 1 2 1 2 1 2 0 0 0 0 2 2 1 0 2 2 1 1 1 1 1 2 0 0 1 1 2 0 1 0 1 1 2 2 0 0 1 0 1 2 2 1 1 1 2 2 2 1 0 2 1 2 1 1 2 1 2 0 0 2 0 0 0 2 1 2 1 2 1 2 2 2 1 0 2 2 1 2 1 0 0 0 0 1 1 0 2 1 1 2 0 0 0 2 0 0 2 0 1 1 1 1 0 1 1 0 2 1 1 1 2 2 0 1 2 2 0 1 1 0 2 1 0 1 2 0 2 1 1 0 0 2 1 2 1 2 2 0 2
464
0 2 1 2 2 1 0 1 0 0 1 1 0 2 1 1 0 2 1 0 1 2 2 1 0 1 0 0 2 1 2 2 1 1 2 1 1 0 2 0 1 2 0 2 1 0 2 1 2 0 1 1 2 2 1 1 0 1 1 0 0 0 0 0 0 0 1 0 1 1 0 1 1 0 2 2 0 2 0 0 1 1 1 2 2 1 2 1 1 1 2 2 2 1 0 2 2 2 2 1 1 1 2 2 0 0 0 2 0 1 1 1 2 0 2 2 2 1 1 1 1 0 0 0 2 1 2 0 0 1 1 2 0 2 0 1 0 1 1 1 2 0 0 1 0 0 0 2 0 2 1 2 1 1 2 0 1 2 2 1 1 2 1 0 2 0 1 0 2 0 2 0 0 1 2 2 2 2 1 2 0 2 2 1 0 0 0 1 0 1 1 2 1 1 0 2 1 0 1 0 0 2 2 0 1 0 2 0 0 2 0 2 0 2 1 0 1 2 0 0 1 1 1 2 2 1 2 1 1 0 1 1 1 1 1 1 1 2 1 0 0 2 0 0 1 2 1 2 1 0 1 2 0 2 0 1 2 0 2 2 1 2 0 2 2 1 0 2 1 1 1 0 1 0 0 0 0 0 0 1 0 1 0 0 0 0 1 1 0 0 0 0 1 2 1 0 0 0 1 2 0 1 0 0 1 0 1 0 2 0 0 2 2 2 2 0 0 0 2 0 2 0 0 0 0 1 0 2 2 0 0 1 2 2 0 2 2 1 2 2 1 1 2 2 2 0 0 1 2 0 2 1 1 1 2 1 2 1 1 1 1 2 1 2 1 2 1 1 0 1 1 0 0 0 1 1 2 1 1 0 0 2 0 0 1 1 0 2 0 0 2 2 0 0 0 1 1 0 0 2 0 1 2 0 2 0 2 2 0 0 1 2 0 1 0 0 1 1 2 1 1 1 2 0 1 0 2 0 0 1 0 0 2 1 2 2 0 0 2 0 2 0 1 0 2 0 2 0 2 1 2 0 1 1 0 2 2 1 1 0 1 2 1 2
347
2 1 1 0 0 2 2 1 1 1 0 0 0 0 1 2 2 1 2 1 2 1 1 1 1 2 1 1 0 2 1 2 1 1 1 0 0 1 1 2 0 2 1 0 2 1 0 2 2 0 1 0 2 2 2 2 0 2 1 1 0 1 1 1 1 2 0 1 2 0 0 2 0 1 0 0 1 0 2 1 1 1 2 1 0 1 2 0 0 2 0 2 1 0 0 0 0 0 2 2 1 1 1 1 1 0 0 2 2 1 2 0 0 1 0 0 0 2 1 2 1 2 1 0 1 2 2 2 2 0 1 0 0 1 0 0 0 1 1 0 1 1 1 1 0 0 0 1 2 2 2 0 1 2 0 0 0 1 0 1 2 0 2 2 0 1 2 1 0 2 0 0 0 0 1 1 0 0 2 0 1 2 2 1 1 0 2 1 0 1 0 0 0 1 0 1 2 0 0 1 2 1 1 1 0 0 2 0 2 2 1 2 2 1 0 1 2 0 0 1 0 2 0 1 2 1 0 0 0 0 1 0 1 2 2 0 0 2 0 1 1 2 1 0 2 1 2 1 2 1 2 0 2 1 1 0 1 0 0 1 2 2 0 1 2 1 2 1 1 0 2 1 2 0 1 2 2 0 0 0 1 2 0 2 2 1 2 0 2 0 1 1 2 1 1 0 2 0 2 0 2 1 2 2 1 1 1 2 2 2 0 0 1 0 2 1 1 1 2 2 1 1 1 0 1 2 0 1 2 1 1 0 2 0 2 0 2 1 0 1 2 2 1 1 0 1 0
364
0 0 2 0 1 1 1 2 2 0 2 1 2 1 1 2 2 1 2 1 1 0 0 1 0 0 2 1 0 2 1 2 2 1 2 2 1 1 0 2 1 0 2 1 0 2 1 1 2 0 2 1 1 1 1 1 2 2 1 2 0 2 0 2 2 1 1 2 0 2 2 1 2 0 1 0 1 0 1 2 1 1 1 2 2 1 2 0 0 2 2 2 2 0 2 1 1 1 2 2 0 2 1 0 1 2 1 2 2 0 2 0 1 0 1 2 0 1 0 0 1 0 0 1 2 1 1 1 1 0 0 2 0 0 2 1 0 2 1 0 1 2 2 0 1 0 2 0 2 2 1 2 0 2 0 1 2 0 2 2 1 2 2 1 0 2 1 1 2 0 2 2 1 0 2 0 0 0 2 1 1 0 0 1 2 1 2 0 1 0 2 2 1 2 2 2 1 1 0 2 1 2 2 0 2 1 2 2 2 0 1 0 0 0 2 2 2 2 2 1 1 2 2 1 2 2 2 2 0 1 1 2 2 1 2 1 2 0 0 2 0 1 2 0 2 1 2 0 2 2 0 2 0 2 2 2 1 2 0 0 1 1 2 0 2 0 0 2 1 0 1 0 2 2 0 2 1 2 0 1 0 2 0 1 1 0 1 2 2 0 1 2 1 0 1 1 1 0 1 0 2 1 0 1 2 0 1 0 2 1 1 2 2 2 0 2 1 1 2 1 2 2 1 2 1 0 1 0 2 2 2 1 1 2 1 2 1 0 1 0 1 2 2 1 0 2 1 0 1 0 2 2 0 1 1 0 2 0 1 0 0 2 1 1
24
1 2 0 0 2 1 0 2 1 2 2 1 0 2 0 1 1 1 1 2 0 0 0 0
674
2 1 0 2 1 1 0 2 1 1 1 1 2 0 0 1 1 2 0 0 1 0 1 0 2 2 1 2 1 2 0 0 0 0 1 2 0 2 0 2 1 1 2 1 1 2 0 2 1 0 0 1 0 2 2 0 2 2 2 0 1 2 2 2 1 0 0 1 2 0 0 0 2 0 2 2 1 2 1 1 2 2 0 0 2 0 2 1 0 1 1 2 2 0 2 2 0 0 1 2 1 1 1 1 2 1 0 1 0 2 1 1 1 0 1 0 2 1 2 2 0 1 2 2 2 0 1 1 1 1 0 0 2 2 0 1 1 0 2 1 0 2 1 1 1 0 2 2 2 2 2 2 0 1 1 0 2 1 2 1 0 2 0 2 2 0 1 0 2 1 0 2 0 1 2 0 0 2 0 0 0 2 2 1 2 2 0 2 2 1 1 2 1 0 0 0 0 2 1 2 2 1 1 2 0 1 1 1 0 2 1 1 0 1 0 0 0 0 2 2 1 0 1 0 1 2 2 0 2 2 2 1 0 2 0 0 2 0 2 0 2 1 0 2 0 2 2 2 0 2 0 1 1 0 1 2 2 2 0 2 1 0 0 2 1 2 1 1 0 1 1 2 2 1 0 0 0 1 2 2 2 0 1 2 1 0 1 0 1 1 0 1 2 2 2 0 1 0 1 2 1 0 1 1 0 0 0 2 0 2 1 1 0 1 1 0 2 1 0 0 1 1 2 1 0 0 1 1 0 2 0 2 0 0 1 2 1 1 2 2 2 0 1 2 2 1 2 2 2 0 1 0 1 2 1 0 0 1 2 1 0 0 0 2 2 2 1 0 0 2 1 1 1 1 0 1 2 1 2 2 2 2 2 1 0 0 2 2 2 2 1 2 1 0 2 0 2 2 1 2 0 2 1 0 1 0 2 1 1 1 0 2 0 1 2 2 0 0 2 1 1 1 2 0 0 2 1 0 2 2 0 1 1 1 2 1 0 2 2 2 0 0 0 1 2 0 2 2 2 0 0 0 1 0 2 2 0 0 1 1 1 2 0 1 1 2 2 0 0 1 0 2 1 2 1 2 0 0 2 2 0 1 2 2 1 2 1 1 0 2 2 2 2 1 0 2 2 1 0 2 0 1 0 1 2 2 0 0 0 1 2 2 1 0 0 1 0 2 0 2 2 0 0 2 2 2 1 0 2 0 2 1 2 0 1 2 2 0 1 0 2 0 2 1 1 2 0 0 0 0 1 0 0 0 0 2 1 0 0 2 2 0 0 2 2 1 2 2 0 1 1 1 2 2 1 0 2 1 2 2 0 1 1 2 1 0 2 0 1 2 2 1 2 0 1 2 0 1 1 1 1 1 2 0 1 2 0 2 2 0 0 2 0 2 2 1 0 1 2 1 0 0 2 0 2 2 2 2 1 0 1 1 2 1 1 0 0 0 0 0 1 2 2 0 0 2 1 1 1 1 1 1 1 2 1 0 2 2 0 2 0 1 2 1 2 2 2 1 0 2 1 1 2 0
232
0 0 0 1 1 1 0 2 1 0 2 2 0 0 0 1 2 2 2 1 1 0 0 1 2 1 2 1 1 0 2 2 0 2 2 1 0 1 0 0 0 0 0 2 1 2 1 0 0 2 1 2 1 1 2 0 1 1 2 0 1 2 2 0 1 2 0 0 0 2 0 0 1 1 1 2 2 0 0 0 1 2 1 1 1 2 2 1 0 2 1 0 0 2 0 1 1 1 1 1 0 2 0 1 1 1 0 0 0 1 1 2 0 1 0 2 2 2 2 1 1 0 0 0 1 2 2 1 0 1 0 1 1 1 0 1 0 2 0 0 0 1 2 2 2 1 2 2 0 1 0 2 2 1 1 0 1 1 1 1 0 0 2 1 2 0 1 2 2 0 1 1 2 1 1 1 1 0 0 0 0 2 1 2 0 2 1 2 1 2 1 2 1 1 0 1 2 0 2 2 2 0 0 1 2 1 1 2 2 1 2 0 2 2 1 2 0 1 0 2 1 0 0 0 1 0 0 1 2 0 2 0
492
2 1 0 0 1 2 2 1 1 0 1 0 0 0 2 1 1 2 0 0 2 0 1 2 2 0 0 0 0 2 2 0 1 0 2 0 0 2 1 0 1 2 1 0 2 2 2 1 2 1 1 0 0 1 0 2 2 1 1 0 2 2 2 1 2 0 2 2 1 0 2 2 2 2 0 2 1 2 0 0 2 1 1 0 2 0 2 1 2 1 2 2 2 0 0 1 0 2 2 2 0 0 2 2 0 0 2 0 2 1 1 1 2 1 1 2 2 0 1 0 0 1 1 2 1 2 0 1 0 2 1 1 1 2 0 2 0 1 1 2 0 0 2 0 1 0 0 0 2 0 0 2 2 0 1 2 0 2 2 1 1 0 2 0 1 0 2 0 2 2 2 2 1 1 2 2 1 0 1 2 1 0 2 0 1 1 0 2 0 2 1 2 2 0 2 1 1 2 1 1 1 2 0 1 0 2 1 0 1 2 0 0 1 0 1 1 2 2 2 1 1 1 0 2 2 1 0 0 1 1 0 1 1 0 2 0 1 0 0 2 0 1 0 2 2 1 0 1 2 2 2 1 1 2 0 1 2 0 1 2 1 2 0 2 2 2 1 2 1 1 0 2 2 2 2 2 1 1 0 0 1 0 2 2 2 0 2 0 0 0 2 1 0 2 2 1 1 0 2 1 0 1 2 0 0 1 1 2 0 0 1 1 2 0 0 1 2 0 1 0 2 1 2 1 1 1 1 0 0 0 2 2 0 2 1 1 0 0 2 2 1 2 0 1 1 1 0 2 2 0 1 2 1 0 1 2 1 1 0 2 2 0 1 1 0 0 1 1 2 1 0 2 0 1 1 2 1 1 2 1 2 1 1 0 0 2 1 2 0 2 2 1 1 1 1 0 0 2 0 1 2 0 0 0 2 0 2 2 1 2 0 1 2 0 1 0 1 0 2 1 1 1 1 0 1 0 1 2 1 1 2 1 2 0 2 0 0 0 2 0 2 0 1 0 1 1 0 2 0 1 2 0 0 1 2 1 0 0 1 2 2 2 1 2 1 0 2 1 1 0 0 2 1 2 0 2 2 1 1 0 2 0 2 1 0 0 2 0 0 1 0 1
724
0 2 1 0 1 0 1 1 1 0 1 1 1 0 0 1 1 0 0 0 0 2 1 0 1 2 1 2 0 2 0 0 1 1 2 2 0 1 2 0 1 2 0 1 1 0 1 2 0 0 2 0 2 0 0 2 1 1 1 0 2 2 0 0 2 0 0 2 2 2 0 0 1 2 0 0 1 2 0 1 1 2 2 1 2 2 2 2 0 0 0 2 0 2 1 0 0 2 2 1 0 2 2 1 2 2 2 0 0 0 1 2 2 1 0 0 0 0 0 1 0 0 1 2 1 1 2 1 2 0 0 2 0 2 0 0 0 1 1 0 2 0 2 1 1 2 0 1 2 0 1 0 2 1 1 2 2 1 0 2 0 1 0 1 0 2 1 1 1 0 1 2 2 2 2 2 2 2 0 2 0 2 2 0 0 1 0 1 1 1 0 0 1 2 0 2 0 1 2 2 2 1 0 2 0 0 1 0 0 0 2 2 2 2 2 1 0 0 1 2 2 2 0 0 2 2 0 0 2 0 2 1 0 2 0 2 1 2 0 2 1 0 1 2 1 2 2 0 0 0 0 0 0 0 2 0 0 1 0 1 0 2 1 0 2 0 2 2 2 0 1 0 2 1 0 2 1 1 0 1 1 1 0 1 1 0 0 1 2 1 0 2 2 2 2 2 2 2 2 0 2 2 0 1 2 0 2 2 0 2 0 0 1 2 2 1 1 2 2 1 2 1 1 2 1 2 2 2 0 1 0 2 1 2 1 1 1 0 1 1 1 0 2 1 2 0 2 2 2 2 0 2 2 2 2 2 1 2 0 1 1 1 0 0 0 1 2 1 0 1 0 2 1 0 2 1 0 2 1 2 1 1 2 2 2 0 2 1 0 1 2 2 1 0 1 2 2 0 1 2 1 1 2 1 2 2 0 1 2 2 1 0 1 1 1 2 2 2 2 2 2 2 2 0 2 0 1 0 1 0 0 2 1 1 1 0 2 1 0 1 1 1 0 1 0 1 1 2 0 2 2 1 1 0 0 2 2 0 1 2 1 0 2 2 2 0 1 0 0 1 1 0 2 1 0 1 0 1 1 0 1 1 2 2 2 2 0 0 1 2 2 0 0 0 2 2 2 2 0 1 2 2 1 1 2 0 1 2 0 0 1 1 1 2 0 0 2 2 0 1 1 0 2 2 2 0 1 1 1 1 1 0 2 0 2 2 0 0 2 2 2 1 2 1 1 0 0 0 0 0 0 1 1 2 1 2 2 2 1 1 0 2 2 0 2 2 2 2 1 1 1 2 2 0 2 2 2 1 0 1 2 1 0 0 1 1 0 1 2 0 1 2 2 1 1 1 2 2 1 0 0 2 0 0 1 0 1 2 2 2 1 2 0 2 0 2 1 1 0 2 2 2 1 2 0 2 0 0 2 2 0 0 0 2 0 0 1 1 2 1 0 1 2 0 0 0 2 1 0 2 1 0 1 1 1 0 2 0 1 2 2 2 2 1 1 2 0 1 2 2 2 1 2 1 1 1 1 2 1 2 1 1 1 1 0 0 0 0 1 0 1 0 0 2 2 1 1 0 0 0 2 0 0 2 2 2 2 1 2 1 0 0 0 1 1 0 1 2 0 2 0 2 1 1
243
0 2 0 2 0 1 0 2 1 1 2 2 0 1 1 2 1 2 0 1 0 1 1 1 0 2 2 1 0 2 0 2 0 1 2 2 0 2 2 1 2 2 0 2 1 0 0 1 2 0 0 2 0 1 2 0 2 0 0 1 2 1 2 1 2 0 0 0 2 0 1 2 2 2 2 1 0 2 1 2 2 2 1 2 0 1 1 2 0 0 2 0 1 2 2 2 0 2 1 1 2 2 1 0 1 1 0 1 1 0 1 1 2 2 1 0 1 0 0 1 1 1 2 0 1 2 1 2 2 0 0 1 1 2 2 2 0 2 2 1 2 0 2 1 2 1 1 1 1 2 2 2 0 1 0 1 1 2 0 1 2 1 1 0 0 2 1 1 2 1 0 0 2 2 1 0 0 0 0 0 1 1 2 1 0 2 1 2 2 1 0 1 0 0 2 2 1 0 0 1 0 1 0 1 0 2 0 1 0 1 2 2 2 2 2 0 1 0 1 2 0 1 0 2 1 0 1 0 2 0 1 1 0 0 1 0 0 0 2 1 1 0 2
626
0 0 1 2 2 2 0 0 1 1 2 0 1 0 1 1 1 2 0 0 0 2 1 0 0 0 0 0 0 1 2 1 2 0 0 0 1 1 2 1 1 0 0 0 2 0 1 0 0 2 2 1 0 1 2 0 0 1 1 0 0 1 1 1 1 2 0 1 1 1 2 0 1 2 2 1 2 2 2 1 2 0 0 0 2 0 2 0 2 2 2 0 1 0 2 0 1 2 1 2 2 1 0 1 1 2 1 0 1 0 2 2 0 2 1 0 2 1 2 2 1 1 1 2 2 1 2 0 0 2 1 2 0 2 1 1 2 0 1 0 2 0 2 1 2 2 2 1 2 2 0 0 2 0 2 2 0 1 2 2 1 0 2 1 1 2 0 2 1 0 1 1 2 2 0 1 1 2 2 1 1 1 2 0 2 2 2 2 0 2 2 0 0 0 2 1 1 2 1 2 0 2 0 2 0 2 1 0 0 2 2 1 2 2 1 1 1 0 0 0 2 0 0 1 0 1 1 1 0 1 2 2 1 2 1 0 2 1 0 2 0 1 2 1 2 0 2 1 1 1 2 0 1 0 2 2 0 0 1 0 0 2 2 1 0 0 1 1 1 2 1 0 1 2 0 0 1 2 2 1 0 0 2 0 0 2 2 0 0 1 2 1 1 1 2 0 1 1 1 2 1 2 2 1 1 1 1 0 2 2 0 2 1 1 1 1 2 1 0 0 1 2 2 1 0 0 0 0 2 1 2 2 0 0 0 2 0 2 1 1 0 1 2 2 2 1 2 0 1 0 0 1 1 2 2 2 2 1 0 2 1 1 1 2 1 1 0 2 1 2 0 0 1 0 2 0 2 0 1 2 0 1 2 0 0 1 0 1 1 2 1 2 1 1 0 1 1 1 2 2 0 1 2 0 0 1 0 0 1 0 1 2 0 0 0 0 0 0 2 0 0 2 0 0 1 0 0 2 2 0 2 2 2 2 1 0 1 0 1 0 1 2 0 2 2 0 2 1 2 2 1 2 2 2 0 0 0 2 0 0 2 0 1 0 0 0 0 0 1 1 1 2 1 2 0 0 2 0 1 0 1 1 0 0 2 0 1 0 1 1 1 2 0 1 0 2 0 1 0 2 0 1 0 1 2 0 1 2 1 1 2 0 2 2 1 2 2 2 0 0 0 2 2 0 0 0 0 2 1 1 0 0 2 2 1 0 0 1 0 1 2 0 1 2 1 1 2 1 0 1 1 2 0 1 2 1 2 2 0 2 1 2 0 1 1 0 1 1 0 2 2 2 0 0 0 0 0 0 1 1 1 0 0 0 2 2 2 2 2 0 1 1 2 0 1 2 2 2 0 0 2 2 1 0 2 1 1 2 1 0 2 0 2 2 0 0 2 1 0 1 1 0 0 2 0 2
959
2 2 1 1 0 0 2 0 0 2 0 2 2 1 2 2 1 2 2 2 1 1 1 0 0 1 2 1 0 1 0 2 0 0 1 1 2 2 0 1 1 1 2 2 0 2 0 2 1 1 1 2 2 2 0 0 0 0 1 2 2 1 1 1 0 1 0 1 1 2 1 0 0 0 0 2 0 0 0 0 1 0 0 1 2 0 2 2 1 0 1 1 1 0 1 1 2 1 0 1 2 1 0 0 2 0 0 2 1 0 0 1 1 1 1 0 1 1 1 2 1 2 0 2 1 1 0 2 2 0 1 0 1 1 0 2 0 0 1 2 2 2 0 0 2 1 0 2 2 1 1 0 1 0 1 1 0 1 0 2 1 1 0 1 1 1 2 0 1 1 2 2 1 2 2 1 1 0 0 0 2 2 2 0 0 0 2 1 0 1 2 0 2 1 1 1 0 1 1 0 0 1 0 0 0 1 1 0 2 0 1 1 1 2 2 0 1 2 2 1 0 1 1 2 2 0 2 1 0 1 1 1 0 0 2 0 0 0 0 2 1 1 2 1 2 0 2 1 0 2 0 0 0 1 1 1 1 0 0 0 2 0 2 1 2 1 0 2 2 2 1 2 0 0 2 0 2 1 1 1 1 1 1 0 1 1 1 2 0 1 2 2 0 1 2 0 1 0 0 0 1 2 1 2 0 0 0 2 0 0 2 1 0 2 1 0 1 1 2 1 2 0 1 0 2 2 2 1 1 0 1 2 2 2 2 1 1 1 2 1 0 1 1 2 2 2 2 0 1 1 0 2 2 2 1 2 2 0 2 2 2 2 0 2 1 2 1 2 0 2 2 2 1 1 2 0 0 1 2 2 0 0 1 1 2 0 2 0 2 1 2 0 1 2 2 1 2 2 2 0 0 0 0 0 1 1 1 2 0 0 1 2 2 0 0 1 2 2 0 2 1 1 1 2 1 0 1 0 1 0 0 2 0 0 0 2 2 2 2 2 2 0 1 2 0 2 1 2 1 1 0 1 2 2 2 0 0 2 2 0 0 1 0 0 2 2 1 1 2 0 1 0 2 0 2 2 2 0 2 2 0 1 0 1 2 1 0 1 1 0 2 1 2 2 2 2 2 1 2 1 2 1 0 0 0 2 1 1 0 0 1 0 2 0 1 0 2 0 2 1 1 0 0 2 0 1 2 0 1 1 1 2 0 1 0 2 1 1 1 2 1 1 1 0 0 0 2 2 1 1 1 2 2 2 0 2 2 2 2 0 0 2 2 2 0 2 2 0 1 2 0 2 2 1 2 0 1 0 2 0 0 1 2 0 0 0 2 2 1 2 2 2 0 0 2 0 2 2 0 2 2 0 2 2 2 2 0 0 1 2 0 2 1 0 2 2 2 1 1 2 0 1 2 0 2 0 1 1 0 0 0 2 0 1 0 0 1 0 0 0 2 0 1 0 2 2 2 0 2 1 2 0 2 2 2 1 0 2 1 0 2 1 1 1 2 1 1 2 1 0 2 1 0 2 0 0 1 0 0 0 2 1 0 1 0 1 1 2 0 2 2 0 0 2 0 2 2 0 1 0 1 2 2 2 1 2 2 0 1 0 1 2 2 2 2 1 1 0 0 2 0 1 1 0 2 2 1 1 1 2 2 0 1 2 0 0 2 1 2 0 0 0 1 1 1 0 0 2 2 1 1 2 1 1 0 0 1 0 0 0 2 1 2 2 1 1 2 0 1 0 2 1 1 2 0 0 1 0 2 2 0 2 0 2 0 1 1 0 1 2 0 0 2 0 0 1 0 2 1 2 2 0 2 2 0 1 1 2 1 2 0 2 2 2 1 2 0 2 0 2 0 1 1 0 0 2 0 2 1 2 1 0 0 0 1 0 2 1 0 1 2 2 2 1 2 1 1 2 0 2 0 1 1 1 0 1 1 1 0 2 0 2 1 2 0 1 0 0 1 2 0 0 2 2 2 2 1 2 1 1 2 1 0 1 0 0 0 1 1 2 1 0 1 2 1 1 0 0 0 0 0 0 0 1 2 0 1 0 0 2 1 2 1 0 0 1 2 0 0 2 2 0 0 1 0 1 0 2 1 1 0 2 0 0 2 0 1 0 0 2 1 0 0 0 2 2 2 1 2 1 2 2 2 2 2 1 2 0 0
381
1 0 0 2 2 1 2 2 0 1 0 2 0 0 1 1 0 1 1 0 2 1 2 0 0 2 0 0 2 0 1 2 0 0 1 2 2 0 2 1 0 1 0 1 1 2 2 2 1 0 2 1 0 0 2 1 0 2 0 2 0 2 1 2 0 0 2 0 2 1 1 2 1 2 0 1 1 1 0 2 0 2 0 0 2 0 1 2 0 1 1 0 1 0 2 1 0 1 1 0 2 2 1 0 1 2 1 0 0 0 1 2 2 2 2 1 2 0 0 2 2 2 0 1 2 0 2 1 2 0 0 1 2 1 1 1 2 0 1 2 0 2 2 0 1 1 1 0 1 1 1 0 0 0 1 2 1 2 0 1 0 2 1 2 2 2 2 2 1 2 0 1 2 2 2 0 1 0 2 0 2 2 1 0 2 0 2 1 1 0 0 0 0 2 0 1 0 2 0 1 2 2 1 0 2 2 2 1 0 1 1 2 2 2 1 0 2 2 2 2 2 1 0 0 1 1 0 0 0 2 0 0 0 2 1 0 2 2 0 2 0 1 2 1 0 2 0 2 0 0 1 2 1 0 1 1 2 0 2 2 1 2 1 0 1 0 1 2 0 0 1 1 0 0 0 2 0 1 2 1 1 1 1 1 2 1 2 0 1 2 2 2 1 1 2 1 2 0 1 2 1 1 0 2 1 1 1 1 2 1 0 2 1 1 2 1 0 2 2 0 0 0 0 1 1 1 1 0 2 2 2 2 0 0 2 1 1 0 2 1 0 1 2 2 2 2 2 2 0 0 0 2 0 1 1 2 2 1 0 0 0 0 1 0 2 2 0 0 2 2 0 1 1 2 0 1 1 1 1 1 0
