1000 419
24 29 109 111 114 125 127 132 135 140 143 144 154 155 157 177 189 190 209 218
220 226 229 231 232 259 261 282 284 293 303 330 330 345 357 376 378 394 405 416
419 419 419 429 451 473 486 496 506 509 512 515 522 534 534 548 564 589 598 600
605 610 611 618 623 632 632 639 643 660 661 673 675 698 702 720 735 743 753 757
779 817 820 850 852 853 867 887 895 897 916 918 921 951 960 977 983 983 987 995
1001 1015 1016 1023 1036 1045 1057 1062 1079 1080 1089 1094 1098 1102 1112 1128
1129 1129 1136 1152 1160 1177 1204 1214 1221 1229 1246 1272 1305 1317 1328 1335
1346 1360 1387 1394 1421 1434 1435 1437 1445 1448 1459 1461 1469 1485 1499 1502
1535 1537 1551 1554 1563 1574 1579 1580 1596 1596 1628 1644 1647 1648 1661 1679
1684 1701 1701 1706 1706 1722 1740 1748 1754 1761 1762 1767 1788 1795 1808 1811
1816 1841 1845 1851 1854 1867 1868 1879 1879 1882 1883 1926 1926 1943 1952 1955
1965 1969 1971 1986 2002 2005 2007 2010 2041 2044 2045 2046 2051 2057 2060 2066
2080 2081 2084 2089 2102 2115 2117 2125 2131 2131 2138 2148 2151 2170 2184 2187
2208 2218 2228 2228 2248 2257 2273 2289 2293 2296 2304 2330 2334 2343 2363 2366
2401 2412 2417 2419 2419 2426 2433 2456 2472 2484 2497 2497 2514 2522 2522 2542
2546 2553 2555 2557 2568 2568 2578 2590 2617 2640 2646 2742 2750 2755 2755 2765
2768 2772 2773 2781 2782 2785 2816 2836 2841 2873 2905 2910 2931 2985 2986 3015
3045 3047 3055 3055 3077 3125 3126 3142 3142 3153 3184 3199 3230 3232 3242 3242
3247 3247 3249 3252 3253 3261 3263 3273 3284 3296 3298 3310 3318 3329 3362 3367
3374 3380 3382 3383 3393 3409 3414 3416 3416 3419 3423 3425 3437 3446 3459 3471
3490 3496 3522 3531 3538 3544 3560 3575 3575 3580 3584 3585 3598 3603 3611 3613
3616 3630 3632 3649 3669 3670 3681 3700 3704 3726 3742 3753 3755 3764 3775 3787
3808 3823 3835 3853 3868 3886 3888 3888 3903 3914 3948 3948 3949 3951 3957 3966
3979 3983 3989 3999 4003 4015 4030 4032 4037 4041 4047 4060 4061 4063 4063 4068
4072 4077 4103 4104 4113 4130 4142 4153 4165 4166 4167 4168 4176 4177 4179 4190
4215 4231 4235 4242 4250 4253 4256 4265 4276 4297 4312 4314 4337 4346 4357 4364
4376 4380 4433 4447 4451 4460 4501 4503 4509 4543 4561 4608 4614 4619 4637 4645
4648 4659 4660 4680 4691 4694 4695 4704 4707 4708 4720 4753 4754 4755 4784 4788
4796 4813 4823 4828 4830 4835 4839 4839 4842 4845 4874 4874 4880 4896 4898 4904
4904 4905 4942 4943 4946 4947 4963 4965 4970 4983 4983 4989 5001 5007 5013 5041
5043 5062 5063 5073 5077 5085 5092 5097 5101 5107 5149 5168 5168 5188 5197 5200
5207 5210 5216 5232 5233 5235 5236 5243 5259 5271 5285 5294 5309 5316 5330 5339
5358 5362 5370 5374 5386 5386 5392 5397 5411 5415 5422 5423 5437 5439 5445 5461
5468 5487 5513 5515 5523 5527 5539 5540 5542 5545 5550 5553 5557 5558 5583 5586
5598 5602 5604 5620 5635 5638 5639 5642 5652 5664 5668 5684 5693 5701 5701 5731
5746 5752 5757 5765 5781 5787 5787 5833 5833 5847 5865 5866 5870 5874 5876 5909
5919 5922 5927 5932 5947 5950 5950 5951 5958 5972 5974 5976 6028 6036 6051 6058
6068 6085 6088 6095 6142 6144 6144 6149 6151 6152 6154 6159 6162 6174 6202 6239
6248 6249 6261 6285 6295 6299 6304 6306 6313 6316 6319 6339 6345 6363 6365 6366
6368 6387 6401 6408 6416 6428 6430 6452 6463 6466 6468 6473 6485 6488 6490 6508
6531 6536 6550 6553 6561 6561 6566 6577 6587 6599 6606 6611 6618 6632 6641 6648
6663 6663 6689 6693 6693 6750 6762 6778 6784 6789 6793 6808 6815 6820 6827 6827
6832 6836 6861 6871 6872 6876 6885 6901 6938 6942 6951 6964 6997 7012 7017 7022
7047 7052 7072 7080 7095 7101 7111 7112 7113 7149 7165 7170 7207 7211 7216 7218
7222 7223 7235 7263 7265 7270 7292 7320 7328 7340 7350 7355 7367 7374 7386 7397
7400 7411 7413 7414 7415 7432 7436 7441 7443 7454 7457 7459 7462 7465 7466 7485
7489 7502 7530 7546 7572 7574 7577 7582 7588 7589 7602 7631 7638 7648 7650 7665
7668 7690 7692 7695 7697 7698 7699 7715 7717 7743 7754 7758 7774 7776 7790 7791
7808 7812 7818 7858 7876 7910 7924 7933 7938 7947 7994 7995 7998 8006 8020 8038
8039 8040 8047 8062 8070 8076 8098 8107 8117 8126 8139 8157 8172 8189 8195 8196
8200 8202 8202 8215 8220 8223 8230 8234 8238 8238 8238 8239 8245 8257 8263 8264
8267 8291 8291 8296 8311 8311 8326 8327 8337 8340 8352 8355 8395 8397 8400 8416
8433 8434 8437 8441 8450 8455 8457 8496 8514 8516 8529 8553 8573 8574 8575 8586
8589 8598 8603 8621 8621 8626 8627 8633 8644 8651 8675 8678 8711 8713 8722 8732
8758 8776 8776 8777 8784 8790 8797 8801 8815 8825 8863 8865 8867 8885 8886 8887
8894 8913 8930 8933 8942 8949 8953 8969 8974 8976 9047 9051 9051 9071 9080 9091
9092 9099 9103 9117 9136 9151 9155 9157 9174 9182 9187 9240 9255 9255 9257 9296
9296 9309 9329 9352 9354 9371 9375 9387 9396 9406 9408 9409 9436 9439 9450 9451
9473 9488 9492 9493 9502 9519 9521 9534 9564 9580 9596 9605 9624 9626 9628 9648
9652 9661 9669 9686 9703 9705 9734 9738 9746 9755 9763 9773 9791 9795 9802 9813
9817 9830 9840 9841 9886 9889 9889 9895 9898 9903 9905 9908 9915 9917 9918 9919
9923 9944 9951 9973
