50
685
2 0 1 0 0 2 0 1 0 0 2 2 2 1 2 1 2 2 0 0 1 0 2 1 1 0 2 0 1 1 1 1 1 0 2 0 2 0 0 0 1 2 0 1 0 1 0 2 2 1 1 0 2 0 2 1 0 1 2 0 0 1 0 1 0 2 2 0 2 1 1 2 0 2 1 2 2 0 1 0 2 2 2 0 1 0 0 0 0 0 1 2 1 2 2 2 0 2 0 1 1 1 1 2 1 2 0 0 2 1 0 1 1 0 0 1 2 1 0 0 1 1 2 0 2 1 1 2 2 2 2 0 0 1 1 1 1 1 0 0 2 0 0 0 0 0 1 0 0 0 1 0 2 1 0 0 1 2 2 0 2 0 1 2 1 0 2 1 0 0 0 1 2 0 1 2 0 2 1 0 0 1 0 2 0 0 2 0 1 2 1 1 2 2 0 1 2 1 2 2 2 2 2 1 1 0 1 1 2 0 2 0 0 1 2 0 2 0 2 2 2 0 0 0 0 2 0 2 2 0 2 1 0 2 2 2 2 1 2 2 1 0 0 2 2 1 2 2 2 2 0 2 2 2 0 0 1 0 0 2 1 2 0 2 2 1 1 2 1 1 2 2 0 2 0 0 2 1 0 1 2 1 1 2 1 0 2 2 1 1 0 1 2 0 0 1 2 2 2 2 0 1 2 2 1 1 2 0 2 1 1 1 0 2 1 2 0 2 1 0 2 2 2 2 0 2 0 1 1 0 1 1 1 1 0 0 1 2 2 0 2 0 0 2 0 0 1 1 0 1 1 1 2 0 0 0 0 2 0 2 2 0 0 1 0 2 2 2 0 1 2 2 0 0 0 0 2 1 1 2 1 1 1 0 0 1 1 2 0 2 0 0 1 2 0 0 1 0 2 0 1 1 0 1 0 1 2 2 0 1 2 1 2 2 0 1 2 1 2 0 1 2 1 1 2 0 1 1 1 1 0 2 0 2 2 1 1 1 0 0 1 2 2 0 0 1 1 0 2 1 0 1 1 0 1 2 1 0 1 1 0 0 0 0 2 1 1 2 0 0 2 0 2 0 1 2 2 1 2 2 1 2 0 0 0 2 2 0 1 1 0 2 0 2 0 0 1 0 2 1 2 1 2 0 2 1 0 1 1 2 1 1 0 2 2 2 2 1 2 2 1 0 0 1 0 1 1 2 0 1 2 1 1 1 1 0 2 2 2 0 2 0 2 0 0 1 1 2 1 2 1 1 0 1 0 0 2 1 1 0 2 1 0 1 1 2 0 1 2 0 0 1 2 1 2 2 2 1 2 0 2 0 2 0 0 2 2 1 0 2 0 0 1 2 2 1 1 1 2 0 2 2 1 1 1 1 1 2 1 1 2 2 2 2 2 1 2 1 2 2 1 0 1 2 0 2 0 1 1 1 0 0 2 0 2 1 1 1 1 1 1 1 1 2 2 1 2 2 1 1 1 0 0 2 0 1 2 1 0 0 1 0 2 1 0 1 2 2 0 2 1 1 2 1 1 0 0 1 1 0 1 1 1 0 1
740
1 2 1 0 1 0 0 0 1 1 2 1 1 1 2 0 1 1 2 1 1 2 2 0 1 0 1 0 2 1 0 1 2 1 2 2 2 0 2 1 1 1 1 2 2 0 1 2 2 0 2 1 1 1 0 2 2 2 2 2 2 2 0 1 2 1 2 1 1 2 2 0 0 0 1 1 1 0 1 0 2 0 2 1 2 2 1 0 1 0 1 1 0 0 0 1 1 2 2 1 1 0 1 1 1 1 2 2 1 2 0 0 2 0 2 2 0 0 0 2 2 2 1 0 2 2 2 1 0 2 2 2 0 2 1 1 1 1 2 2 1 2 1 2 0 1 2 1 0 1 0 1 0 0 1 1 0 2 0 0 0 2 0 1 2 0 1 0 2 1 0 2 1 2 2 1 2 0 2 1 0 1 0 2 2 2 2 1 1 1 0 2 2 1 0 2 2 1 0 1 1 1 0 1 2 1 1 2 1 1 1 2 0 1 0 0 1 0 1 2 2 0 2 2 1 0 2 1 1 2 2 1 2 0 0 1 0 1 0 1 2 2 2 0 2 0 1 1 0 0 1 2 1 0 1 2 2 0 1 1 0 0 1 0 0 2 2 2 0 2 1 1 2 2 0 1 2 2 2 1 1 1 0 0 0 0 2 0 0 0 2 0 0 1 1 2 1 2 1 0 2 2 0 2 1 2 0 0 0 2 2 0 0 1 1 1 0 1 1 0 0 2 0 1 2 0 1 2 2 0 0 0 0 1 2 0 0 1 0 0 2 2 0 0 0 2 1 1 2 0 0 2 2 1 1 1 2 0 1 0 1 1 1 0 1 2 1 0 1 1 1 0 1 1 1 0 2 0 0 0 2 1 1 0 0 0 0 0 2 2 2 2 0 0 2 2 1 1 1 0 0 2 0 0 0 1 0 1 2 0 1 2 1 2 2 1 1 1 2 1 1 1 1 0 1 1 2 1 1 0 2 1 0 2 0 1 0 1 2 0 1 0 1 1 0 2 1 0 0 0 1 1 0 1 1 1 1 1 0 2 2 0 1 1 0 2 1 2 2 1 0 0 2 1 0 1 2 2 0 1 1 1 2 1 2 1 0 0 0 2 1 1 0 2 1 2 1 2 0 0 0 1 2 1 1 1 2 0 1 2 0 2 0 2 1 0 1 1 0 2 1 0 2 1 2 2 2 2 1 2 2 2 2 2 2 2 0 0 0 2 1 2 2 0 1 2 2 0 0 1 1 2 0 1 1 2 1 2 0 2 0 0 2 0 2 2 0 1 1 0 2 2 2 1 1 0 1 1 2 1 1 2 2 0 2 0 1 2 1 0 2 2 1 0 0 0 0 0 1 0 0 2 1 1 2 2 0 0 0 1 0 2 2 0 0 0 2 0 1 2 2 1 1 1 0 0 1 0 1 2 2 2 0 0 1 1 0 0 0 1 0 1 0 0 0 1 0 1 0 2 0 1 2 2 2 2 1 1 1 0 0 2 0 1 1 0 0 1 2 1 2 1 1 2 1 0 1 1 2 0 1 2 0 2 1 0 0 1 1 0 2 0 2 0 0 0 0 0 0 2 0 1 2 2 1 0 0 1 0 0 2 2 0 1 0 1 2 0 1 0 2 1 0 2 0 1 0 2 2 2 2 0 2 1 2 1 1 0 1 0
220
1 0 2 1 2 0 0 0 0 2 2 1 2 0 0 1 2 0 1 2 2 0 2 2 0 1 0 0 0 2 1 1 0 2 1 2 2 0 0 1 2 2 1 1 1 1 0 1 1 0 2 0 1 2 2 2 1 0 0 1 0 0 0 1 2 1 1 2 1 0 2 1 2 1 2 0 1 2 2 2 0 0 1 0 1 0 0 2 1 0 1 1 0 0 1 2 1 0 2 0 1 1 0 1 2 2 2 2 1 2 2 0 0 0 2 0 2 2 1 2 1 0 2 1 2 0 1 2 1 1 1 1 0 1 0 0 2 1 0 2 2 0 1 0 0 1 1 0 2 1 1 0 1 2 1 2 2 1 2 0 2 1 2 1 0 1 0 2 1 0 1 0 0 0 0 0 1 0 2 2 1 1 2 2 1 1 2 2 1 0 1 1 1 1 2 2 1 2 2 1 1 2 2 2 2 2 0 2 2 1 2 2 2 1 2 0 1 2 2 0
326
2 0 2 0 2 1 1 2 0 2 0 1 0 1 1 1 0 1 2 1 1 1 1 1 0 2 2 1 0 2 0 2 2 1 0 0 2 1 0 2 2 2 0 1 0 1 1 2 0 2 0 2 1 1 0 0 2 2 1 1 0 2 0 2 1 0 2 1 2 1 1 2 2 2 2 1 2 0 1 2 0 2 2 2 2 1 1 1 2 1 1 2 2 2 0 2 2 1 2 0 2 1 1 1 1 2 1 0 0 0 0 0 2 2 0 0 2 1 2 0 0 1 2 2 2 1 0 2 1 0 0 2 2 1 2 0 0 1 2 0 2 1 1 2 2 1 1 0 2 0 1 1 2 1 0 0 2 0 1 0 1 2 2 2 0 2 0 1 1 0 2 0 0 0 1 2 1 0 2 2 1 1 0 2 2 2 0 1 1 1 2 0 1 0 0 0 0 1 0 1 0 1 2 1 2 1 0 1 2 0 2 2 0 0 1 1 1 2 1 0 2 1 1 1 0 1 2 2 0 2 0 2 0 2 1 2 0 0 2 1 0 0 2 1 2 0 0 2 2 2 0 1 0 2 1 0 0 1 0 0 1 2 0 1 1 2 0 1 0 0 2 1 0 1 1 1 1 2 0 2 1 2 2 2 0 0 2 2 1 0 0 1 1 1 2 2 1 2 0 0 2 0 0 2 0 0 0 0 0 2 0 0 1 0 1 1 0 0 0 1 1 1 1 1 1 0
419
2 1 2 2 1 0 2 1 2 0 2 1 1 0 1 0 2 1 0 1 1 1 0 2 1 0 0 2 2 2 1 2 2 1 2 0 1 2 2 2 1 1 2 1 1 2 1 0 0 0 1 0 1 0 1 1 0 2 1 1 0 0 0 1 2 0 2 2 2 2 1 0 0 2 0 2 2 1 1 0 2 1 0 2 2 2 1 2 2 0 0 2 0 0 2 1 0 1 1 2 2 2 1 1 1 0 1 0 2 0 1 2 2 0 0 2 0 1 1 1 2 2 0 2 2 1 2 2 1 2 0 1 0 2 2 2 1 1 1 0 1 0 2 2 1 1 2 0 0 1 0 2 1 1 0 1 0 0 0 0 1 2 1 0 0 2 0 0 2 1 0 2 0 0 0 1 1 1 2 0 0 2 0 0 2 2 2 2 0 0 2 2 2 1 1 0 2 1 0 0 2 1 0 0 1 0 0 1 2 1 2 1 0 2 2 2 2 2 1 0 2 0 0 2 2 2 2 0 2 0 1 2 1 0 0 2 0 1 0 1 0 1 0 1 0 0 0 2 2 1 0 0 0 0 2 1 1 2 1 0 2 0 1 0 0 1 0 2 0 0 2 0 2 2 1 0 0 2 2 0 0 1 1 1 1 0 0 2 2 0 0 0 1 2 0 1 2 0 1 2 2 0 1 2 1 1 0 2 0 0 1 0 1 2 1 0 1 0 0 1 2 2 0 0 2 0 1 1 0 2 2 1 1 1 0 0 2 1 1 0 1 0 1 0 1 2 1 2 1 2 2 1 0 1 0 1 2 0 2 0 0 1 0 0 2 1 0 0 2 0 2 1 0 1 0 2 0 0 1 0 0 0 0 2 2 1 1 2 1 2 0 0 0 0 1 1 2 0 0 2 0 1 2 1 2 2 0 1 0 1 1 2 0 0 2 1 2 2 2
159
1 0 1 2 0 1 0 2 1 1 0 0 2 0 2 2 2 1 1 1 0 1 0 2 0 0 2 2 0 0 0 0 2 2 1 0 0 2 2 2 1 2 1 2 1 2 1 1 1 2 0 1 2 1 1 0 1 2 2 2 1 1 1 1 0 2 2 0 2 2 2 0 2 2 0 2 1 0 2 2 1 1 0 1 2 0 0 2 2 1 0 0 1 1 2 1 1 1 1 1 1 0 2 1 0 2 0 2 2 2 0 1 1 2 2 1 2 1 1 1 0 1 1 0 0 0 0 2 2 0 2 2 2 1 1 0 2 2 2 1 2 2 2 2 2 1 0 1 2 0 2 0 0 0 0 2 2 1 1
354
0 1 2 2 1 0 0 1 2 1 1 2 2 1 2 0 2 0 0 1 2 2 2 0 1 2 2 2 0 2 1 0 1 0 0 2 0 0 2 1 1 0 0 0 1 0 2 2 1 0 1 0 2 2 2 0 0 1 1 0 0 0 1 2 2 0 2 2 1 1 0 1 1 0 0 2 1 0 2 1 0 0 2 2 0 1 0 2 2 2 0 1 0 0 0 1 0 1 2 0 0 0 1 1 0 2 0 2 0 1 0 1 1 1 1 0 2 0 0 1 2 1 0 0 0 0 0 1 0 1 0 0 2 2 0 1 2 2 1 2 2 0 2 2 2 2 1 2 2 2 0 0 1 2 0 1 2 2 2 0 0 2 0 1 1 2 1 1 0 1 1 1 2 2 2 2 2 1 0 2 1 0 0 1 2 1 2 0 1 2 1 2 1 2 2 1 1 0 2 0 2 0 0 0 2 2 2 1 2 2 1 2 1 1 0 0 2 2 1 2 1 1 0 2 2 2 0 1 2 0 0 1 0 2 1 1 2 2 2 1 0 0 2 0 1 2 0 1 1 2 2 2 1 1 2 2 2 2 1 0 0 2 0 1 1 2 1 2 1 2 0 2 2 2 2 2 0 0 2 1 2 2 0 0 0 0 0 0 1 0 2 2 1 0 0 2 2 1 0 0 1 0 1 2 1 2 0 2 1 1 0 2 0 0 2 2 1 0 0 2 0 0 2 2 1 0 2 2 1 1 1 1 1 0 2 1 1 0 1 2 0 0 2 0 0 1 0 2 1 2 0 0 0 1
826
1 1 2 2 1 2 0 2 2 1 2 2 2 2 0 1 2 2 2 0 2 0 0 0 1 2 2 2 0 1 0 1 0 0 2 2 1 0 0 1 0 1 1 2 2 0 2 2 1 0 1 0 1 2 0 2 0 0 1 1 0 0 0 2 2 2 2 0 2 2 0 0 0 0 1 2 2 1 0 0 0 0 1 1 1 0 2 1 2 2 1 1 2 0 2 0 2 1 1 0 0 2 2 2 0 0 0 1 0 2 0 1 2 0 2 2 0 0 1 1 2 0 0 1 0 0 1 2 1 2 1 0 0 1 2 2 2 1 2 1 2 0 1 0 0 1 2 1 0 2 2 0 1 1 0 0 0 0 1 1 2 0 0 0 0 1 2 2 2 0 0 2 1 1 1 1 2 1 0 0 0 0 1 0 1 2 1 1 2 0 2 1 0 1 2 2 0 2 1 1 2 0 1 0 0 2 1 1 0 0 1 0 0 0 0 2 2 1 0 1 2 2 1 0 1 0 2 2 2 1 2 2 1 1 1 2 2 1 0 0 0 1 0 1 0 1 0 1 2 1 2 0 0 2 1 0 0 0 2 1 2 1 1 2 1 0 1 2 2 1 2 0 1 2 2 2 1 2 2 0 0 2 0 2 1 1 2 2 0 0 2 0 2 1 1 0 1 0 0 1 0 0 1 1 0 2 1 1 2 0 0 0 2 0 2 0 1 1 0 0 2 0 2 1 2 0 0 0 1 1 1 0 2 0 1 2 2 0 2 2 2 1 1 2 2 2 2 0 2 2 2 2 2 2 2 2 2 0 2 2 0 2 2 2 1 0 2 0 0 1 0 2 1 2 1 0 0 1 2 0 1 2 1 1 2 1 0 1 2 1 0 0 1 2 0 1 0 2 1 2 0 0 0 1 2 2 2 0 0 1 2 2 2 0 0 0 2 2 0 0 0 1 0 1 0 1 1 0 2 1 2 0 2 0 0 0 1 0 0 1 0 0 0 0 0 0 1 0 2 2 2 2 2 1 2 0 2 2 2 0 2 2 2 0 1 2 2 0 1 2 0 2 0 0 2 2 1 1 2 2 2 1 0 0 1 0 2 1 2 0 0 0 2 0 1 0 1 0 1 0 1 2 0 2 1 0 0 0 0 2 1 0 0 1 1 2 0 0 2 0 1 1 0 2 0 1 1 2 1 2 2 2 1 1 0 0 2 1 1 1 2 0 2 1 1 0 2 0 0 1 0 1 0 2 2 2 1 1 0 2 2 0 0 0 0 0 1 2 0 1 2 2 1 1 2 2 0 1 2 1 2 1 1 2 0 2 1 2 0 0 0 1 2 1 2 2 0 1 2 0 0 2 0 2 0 1 2 2 1 0 0 2 0 1 1 1 0 1 1 1 2 2 0 0 0 0 0 2 1 0 0 1 2 0 0 1 2 1 1 2 1 1 0 0 0 1 0 0 0 0 1 2 1 0 0 1 2 0 0 1 0 2 2 0 1 0 1 1 0 2 2 0 2 0 1 0 1 1 1 2 2 0 0 2 2 0 1 2 1 2 0 2 1 2 1 1 0 1 2 1 2 1 2 2 1 2 0 0 2 2 2 1 1 1 0 0 1 1 2 2 2 0 1 1 1 2 0 1 1 0 1 1 1 0 1 1 2 0 0 0 0 1 2 1 1 0 0 1 2 2 0 0 1 2 1 1 0 1 0 2 2 2 1 2 1 1 0 1 1 2 1 0 0 0 1 1 2 1 1 0 2 2 2 2 2 1 0 0 0 1 0 0 1 2 2 0 1 2 1 0 2 1 2 2 0 1 0 1 1 0 2 1 1 1 1 2 0 0 2 0 0 2 0 0 1 2
623
1 1 0 1 1 1 2 1 0 0 2 1 2 0 1 1 1 0 0 0 0 2 2 1 0 1 1 1 0 0 2 2 2 2 1 1 0 2 2 0 0 1 1 2 0 0 1 1 1 2 2 1 1 2 2 0 1 2 1 2 0 0 0 1 1 1 2 1 1 2 2 1 0 1 0 2 1 0 1 2 0 1 0 2 1 2 2 2 0 0 0 1 1 1 0 1 1 2 1 1 0 1 0 1 0 2 2 2 2 2 1 0 0 0 0 1 1 1 1 1 1 2 0 1 2 0 2 1 1 1 2 2 2 0 2 2 2 1 2 1 2 2 1 1 1 0 2 2 1 1 2 0 0 0 2 1 2 1 0 1 2 0 1 0 2 0 2 2 2 1 0 1 0 1 1 2 1 1 1 0 2 2 0 2 0 0 2 0 1 1 2 2 2 0 1 0 2 1 0 1 0 1 1 2 0 0 1 1 1 2 1 2 2 1 1 1 2 2 0 1 2 2 1 1 2 2 2 2 1 1 0 1 2 2 1 2 0 0 2 0 1 0 1 0 0 2 2 2 0 1 0 1 1 1 2 1 0 1 2 2 2 1 2 1 1 2 2 2 1 0 2 1 1 0 1 2 2 1 1 0 0 2 0 0 2 2 2 2 0 2 0 0 1 0 1 0 0 1 1 1 1 1 0 0 1 2 2 2 2 2 0 2 1 1 1 2 0 1 2 2 1 0 0 2 1 0 0 2 1 1 0 1 1 0 1 2 2 1 0 2 1 0 2 0 2 0 1 1 0 1 2 1 1 1 0 2 0 0 0 1 2 2 1 2 0 2 0 1 2 0 1 2 1 0 1 2 1 1 2 2 1 1 1 2 0 0 0 0 0 1 2 1 2 1 2 2 2 2 2 1 1 0 1 0 0 0 0 1 0 1 1 2 1 2 2 0 1 1 0 1 1 1 1 2 0 1 2 0 0 1 1 2 1 1 1 1 2 2 2 0 2 0 0 0 2 1 1 0 2 1 1 1 0 2 0 0 2 2 0 1 1 0 1 2 0 2 1 1 1 1 0 0 1 1 2 2 2 0 0 0 2 0 0 2 1 0 0 0 0 2 0 0 2 0 2 0 1 0 0 1 1 0 2 0 1 2 1 0 2 1 1 0 1 2 2 1 2 2 0 2 0 2 2 1 1 2 0 2 1 0 1 2 1 1 2 0 0 1 1 0 1 2 0 1 1 2 1 0 0 2 2 2 1 0 2 2 2 0 1 0 2 0 0 2 2 1 2 2 2 2 1 0 0 0 2 2 2 2 2 1 0 2 1 1 2 1 1 1 2 1 2 2 1 2 0 1 2 2 0 2 2 1 1 0 2 0 0 1 2 1 2 1 0 1 0 1 0 2 1 1 2 0 1
512
2 2 1 0 0 0 1 0 0 2 0 2 0 0 2 1 1 0 1 2 2 0 1 2 2 2 0 0 0 0 1 0 0 2 2 2 2 2 2 0 2 0 0 1 1 2 2 0 2 1 0 1 2 0 2 1 2 0 1 2 2 1 1 1 0 1 1 0 1 2 0 1 2 1 1 2 2 1 1 2 2 0 1 2 2 0 2 0 1 0 1 2 2 2 0 0 0 2 0 2 0 0 1 1 1 2 0 2 0 1 0 1 1 1 0 2 2 1 2 1 1 2 2 0 0 2 2 1 0 1 2 1 2 0 0 1 0 2 0 0 2 0 2 1 0 2 1 2 0 1 0 0 0 1 1 0 2 1 2 1 1 0 1 2 2 2 1 2 0 2 0 0 1 2 1 0 2 2 0 0 2 0 1 2 0 0 2 0 0 2 2 0 0 0 2 1 2 2 2 1 2 1 2 1 2 2 0 0 2 1 2 1 1 2 0 0 1 0 1 0 0 1 0 0 0 1 0 1 0 1 1 2 0 0 1 1 1 1 2 1 1 1 1 1 0 1 1 1 0 0 0 2 2 0 1 0 1 1 1 1 0 0 2 2 2 0 2 1 0 0 1 0 0 0 0 2 2 0 2 0 2 0 2 1 0 0 0 1 1 2 2 2 2 0 1 2 0 1 0 0 2 2 1 0 0 2 2 2 1 0 2 2 1 1 1 0 0 0 2 0 0 1 0 0 1 1 0 1 1 2 1 0 2 0 0 2 2 0 0 0 1 1 2 0 2 2 0 2 0 0 2 1 0 2 0 2 0 2 0 2 2 1 0 1 0 1 1 1 0 0 2 1 1 2 0 1 1 1 1 0 0 2 2 0 1 1 0 0 0 1 0 2 1 0 2 1 1 1 0 2 2 2 1 1 2 2 2 0 2 1 2 1 0 0 0 0 2 1 1 2 1 1 2 1 1 2 0 0 2 1 2 2 1 1 0 0 1 2 0 2 0 2 0 1 0 2 0 1 2 2 2 0 0 2 0 1 0 2 0 0 2 1 1 0 1 2 1 1 2 0 1 0 0 0 1 2 2 2 1 0 2 1 2 1 1 2 0 1 1 1 1 1 0 0 1 0 2 1 1 1 1 1 2 1 2 1 2 0 1 2 1 0
849
1 2 1 2 2 1 1 0 1 0 0 0 2 1 1 2 0 0 1 1 2 1 1 1 1 2 2 2 0 1 1 1 1 2 1 1 2 1 1 0 0 1 1 1 0 0 2 0 1 2 1 2 1 0 0 0 1 1 2 0 1 2 0 2 0 2 2 1 2 2 0 0 2 0 2 2 1 2 2 2 0 0 2 0 0 0 1 0 0 0 1 1 1 0 1 0 0 0 1 2 0 2 1 2 2 0 0 0 2 1 0 1 1 0 0 2 1 1 2 2 1 1 0 0 1 1 2 2 0 1 0 1 2 2 2 1 2 2 0 1 2 2 0 0 0 0 1 1 2 1 1 0 0 0 1 1 1 2 2 0 2 1 2 2 2 2 1 1 0 2 2 1 1 0 0 0 1 1 1 1 2 1 0 1 2 1 1 2 0 0 2 2 1 2 0 2 0 2 1 2 0 1 0 0 1 1 2 1 0 1 0 2 0 2 2 1 1 2 0 0 2 1 0 1 1 1 0 0 2 2 0 0 0 1 0 1 1 0 2 2 1 0 2 1 1 0 0 2 0 0 0 0 0 0 1 2 0 1 0 1 2 0 2 2 2 1 0 2 0 2 2 2 0 1 2 0 2 2 1 1 2 2 2 1 1 2 2 2 2 0 1 1 2 2 1 1 2 1 0 0 0 2 1 2 2 2 0 1 2 1 0 1 2 1 2 0 2 0 2 1 2 2 1 1 1 0 2 1 2 2 0 2 2 2 1 1 0 2 0 2 1 2 2 2 2 1 1 1 2 1 1 0 1 1 0 2 1 0 2 0 0 2 2 1 0 0 2 0 2 0 0 0 0 0 0 0 0 1 0 1 1 2 2 2 1 1 0 0 1 0 2 1 1 2 2 2 0 1 1 1 2 1 1 0 0 1 1 0 1 2 1 0 2 0 1 1 1 2 0 0 2 0 0 1 0 1 2 1 1 0 0 1 0 1 0 1 1 1 1 0 0 0 1 0 0 0 2 1 0 0 0 0 0 1 1 0 0 0 0 0 0 1 1 0 0 0 2 1 1 2 1 0 0 2 1 2 0 0 0 0 1 0 2 1 0 1 2 0 1 2 2 0 1 2 2 1 0 2 0 1 2 1 2 0 2 0 1 2 1 0 1 1 2 1 0 0 2 2 1 2 0 2 1 0 2 0 0 2 0 1 2 0 0 0 1 2 1 1 0 1 2 0 1 1 2 1 2 2 0 1 1 2 0 2 2 0 1 1 0 2 0 2 0 1 2 1 0 2 2 1 0 2 0 0 0 2 0 1 2 1 0 1 2 0 1 2 2 0 2 0 1 2 1 1 2 1 0 2 1 0 1 2 1 0 2 1 1 1 2 1 2 2 1 1 0 0 2 0 1 0 0 0 0 2 0 2 1 2 1 0 0 1 2 1 2 2 2 2 2 1 0 2 1 2 2 0 1 0 2 2 1 1 1 0 1 0 1 1 0 1 1 0 0 0 2 1 0 0 1 2 1 2 0 0 1 1 1 2 1 0 2 1 2 2 2 2 1 0 0 2 2 2 1 2 2 0 0 1 2 1 0 2 2 0 1 2 2 2 2 2 1 1 2 2 2 0 2 2 2 1 2 2 2 0 2 2 2 2 2 1 2 1 1 1 2 2 0 1 1 1 1 0 1 0 2 2 0 0 0 1 2 1 0 2 0 1 0 2 1 1 0 0 2 0 0 2 1 0 1 2 2 2 1 0 1 2 1 0 2 2 2 0 2 1 0 2 0 1 2 2 0 2 2 1 2 0 2 2 2 1 2 2 2 2 1 2 1 2 1 2 0 1 1 1 1 0 1 1 0 0 0 0 2 2 2 2 0 0 1 0 1 2 1 1 2 0 0 1 2 0 2 1 1 2 2 2 1 2 2
505
2 1 1 0 1 0 0 0 2 2 0 1 0 2 2 0 2 0 2 0 2 2 1 2 2 1 2 2 0 2 1 0 2 1 0 1 1 1 1 0 0 2 2 1 0 2 1 0 1 2 2 2 0 1 0 1 0 1 0 2 1 1 0 0 1 2 0 0 1 0 0 1 1 0 2 2 1 0 1 0 2 1 1 2 1 0 2 1 2 1 0 2 1 1 2 1 1 2 0 2 2 2 0 1 2 1 1 0 0 1 2 1 1 2 1 1 2 2 1 1 1 2 1 0 1 0 0 2 0 1 1 2 0 2 0 0 0 2 2 1 1 0 2 0 1 0 2 2 1 1 1 0 2 0 0 0 2 1 1 2 1 0 2 1 2 2 2 1 2 2 0 2 1 2 0 2 0 0 0 0 0 2 2 2 0 2 0 2 2 1 2 0 2 1 0 1 0 2 2 1 2 1 1 1 2 2 0 1 1 2 1 0 1 0 2 0 0 0 2 1 2 0 2 1 2 2 0 0 1 2 0 2 0 1 1 0 2 1 1 0 2 2 2 1 2 2 2 1 1 0 2 2 1 0 0 2 1 1 0 0 1 0 2 1 2 1 2 1 1 1 2 1 2 2 0 0 1 1 0 1 0 1 2 1 0 2 1 0 1 0 1 1 2 1 0 1 2 1 1 1 2 0 2 2 2 0 2 1 1 2 1 0 0 2 0 2 0 2 2 2 1 2 2 0 0 1 1 2 2 2 2 2 1 2 2 0 0 1 0 2 0 2 1 2 0 1 1 1 2 0 0 2 1 0 2 2 0 1 1 2 0 1 0 2 1 0 1 1 2 1 0 2 0 1 2 0 1 2 0 2 2 1 1 2 0 1 2 0 0 2 1 0 0 0 1 0 1 0 2 0 0 0 2 0 1 0 1 1 0 1 1 1 1 1 1 1 2 1 0 1 1 1 1 0 1 0 1 2 2 0 2 2 1 1 2 2 0 2 1 1 1 1 2 2 1 2 0 0 0 0 0 1 2 1 0 0 0 0 1 0 1 0 1 0 1 0 0 2 0 1 1 0 2 0 0 1 2 0 1 2 0 1 2 2 1 2 1 0 2 0 0 1 2 2 2 2 1 1 1 0 0 2 0 1 0
233
2 2 1 1 2 1 1 0 0 2 0 1 0 2 1 2 0 1 2 2 0 2 0 2 0 2 2 0 1 1 0 0 2 1 0 1 1 1 1 1 1 0 0 0 1 0 0 0 1 0 1 2 0 0 1 1 2 1 1 2 0 2 0 1 0 1 1 0 2 0 1 2 0 1 0 2 2 1 0 0 0 2 0 1 2 2 2 2 1 2 2 2 0 0 0 1 0 1 2 0 0 1 2 2 2 1 1 0 0 2 1 2 0 1 1 2 2 2 2 0 1 2 0 2 2 2 0 1 1 0 1 2 0 0 0 0 1 2 2 1 0 2 2 0 1 1 0 2 0 2 2 0 0 0 2 1 0 0 0 0 2 0 1 0 1 2 0 0 1 0 1 2 1 1 1 1 1 1 0 2 1 1 1 2 2 0 2 2 1 2 1 0 1 0 1 0 1 1 0 2 0 2 1 2 1 0 0 0 1 2 1 1 2 0 0 1 1 1 0 2 0 0 1 1 1 0 0 0 0 1 1 2 0
445
1 0 1 0 2 2 0 0 0 0 1 2 0 1 2 1 1 2 1 0 2 2 2 1 0 2 2 1 1 0 2 0 1 2 0 2 1 0 1 1 0 1 2 2 1 0 0 0 1 1 2 0 0 0 0 1 0 2 1 2 0 0 1 2 0 0 0 2 2 1 0 1 1 0 1 1 0 2 2 2 0 0 1 0 2 2 1 1 1 2 0 2 0 1 1 0 0 0 0 0 0 1 0 0 1 0 2 0 0 2 2 1 1 0 0 0 0 1 0 1 0 2 1 2 0 2 0 0 2 0 2 2 0 0 0 2 1 2 0 0 2 2 1 0 0 2 2 2 2 0 0 1 2 0 1 0 0 1 2 0 2 1 0 1 0 0 0 1 0 1 2 2 2 1 2 2 0 0 1 2 1 2 1 1 1 0 0 1 0 0 0 2 0 1 2 2 1 1 0 0 2 0 2 0 1 2 2 2 0 1 2 1 1 2 0 1 2 2 1 0 0 1 0 0 2 1 2 1 0 2 0 0 2 1 1 0 2 2 1 2 1 0 1 1 1 0 1 2 0 1 0 1 0 2 0 2 0 2 1 2 1 0 2 1 0 1 1 1 0 0 1 2 0 1 0 0 1 0 0 2 2 0 2 0 2 0 1 1 0 2 1 0 2 0 0 0 1 2 1 0 2 0 2 2 1 2 2 1 0 0 2 1 0 2 1 2 0 1 1 0 0 1 2 2 0 1 1 2 2 0 1 0 2 2 1 0 2 1 1 2 1 1 0 0 0 1 2 2 0 2 2 1 1 1 2 1 0 1 1 1 2 1 0 0 1 1 1 0 1 0 1 2 2 2 1 2 1 2 1 2 0 0 0 0 0 1 2 2 0 1 0 1 2 0 1 2 2 0 0 0 0 2 1 0 0 1 1 2 2 2 0 2 1 0 1 2 0 0 2 0 0 2 0 1 0 0 0 1 1 1 2 0 2 1 2 1 0 2 1 1 0 0 2 2 1
315
2 1 0 1 0 0 1 1 2 0 2 0 1 1 2 0 0 0 1 2 2 1 1 1 2 0 0 1 1 0 1 0 1 2 1 0 1 0 1 0 2 1 0 0 0 1 0 0 0 0 1 2 2 0 2 1 0 0 1 0 0 1 1 0 0 2 2 2 1 0 1 2 1 1 0 0 2 0 2 2 1 1 0 0 0 0 1 1 0 1 1 1 2 1 2 0 0 0 0 0 1 1 0 2 1 0 1 0 1 2 2 0 0 0 0 2 2 0 0 2 0 0 2 1 2 2 2 2 0 0 0 1 1 1 2 0 2 1 0 2 2 2 2 0 2 2 0 1 2 2 0 1 2 2 2 2 2 1 2 2 2 0 0 0 2 0 2 1 2 2 1 2 1 0 1 0 1 0 2 0 1 2 0 1 1 2 2 1 2 2 1 0 1 2 1 0 0 2 0 0 1 1 0 1 0 1 0 1 1 2 2 0 1 0 0 0 1 2 0 0 0 1 2 1 1 1 1 1 2 0 0 0 1 0 0 2 1 1 2 2 0 2 2 0 2 0 0 0 1 0 2 2 1 1 2 0 0 2 2 1 0 2 0 0 2 2 1 0 0 1 1 0 0 1 2 2 1 2 1 1 2 1 0 2 0 2 2 2 0 2 2 0 0 2 1 0 0 1 1 2 2 2 2 2 0 1 0 2 2 0 0 1 0 1 0
369
2 1 1 2 2 0 2 1 0 1 1 2 0 2 0 0 1 0 2 2 2 1 2 1 2 1 2 1 1 1 0 1 1 1 0 2 0 2 1 2 0 0 2 1 0 1 0 0 1 0 0 1 2 0 1 0 2 2 1 2 0 1 1 0 1 2 0 0 2 2 0 1 1 2 2 2 0 2 2 2 2 0 1 0 0 1 2 2 2 2 1 0 1 1 0 0 0 1 1 2 0 2 2 2 1 2 2 0 2 1 1 2 0 0 2 1 1 2 1 1 1 2 1 2 2 1 2 1 2 1 2 0 0 0 2 0 0 2 2 0 1 1 1 1 0 1 2 0 0 2 0 0 0 2 0 2 2 2 1 2 0 0 1 1 1 2 1 2 1 0 0 0 0 1 1 1 0 2 2 1 1 0 2 0 1 1 2 0 0 0 2 1 0 2 2 1 0 2 0 2 1 2 0 0 2 2 2 0 0 1 2 1 1 1 0 0 1 0 2 2 2 0 2 2 0 1 1 0 1 1 1 0 0 2 2 0 0 0 2 2 0 1 0 0 1 1 1 2 2 2 0 0 0 2 2 2 0 0 0 0 2 1 1 0 2 0 2 0 1 2 1 2 0 0 2 0 1 2 0 0 0 0 1 2 2 0 2 0 0 1 0 1 1 2 1 0 2 2 0 1 2 2 0 0 2 0 1 0 2 1 0 2 1 2 0 0 0 2 0 0 2 0 2 2 0 1 2 1 2 0 1 0 1 0 2 0 2 1 0 1 2 0 2 0 0 1 2 2 0 2 1 1 1 0 1 0 0 1 0 0 2 0 2 1 0 2 0 2 1
949
2 2 0 2 2 0 2 2 1 2 0 0 0 1 1 0 0 1 0 0 0 1 2 1 1 1 0 1 0 2 0 1 1 0 1 1 1 2 0 1 0 0 2 0 2 0 1 1 1 1 0 2 0 1 0 1 0 1 1 2 2 0 2 2 2 2 0 1 1 2 2 0 1 0 0 2 2 2 2 2 0 0 1 1 2 2 0 0 0 1 1 0 2 0 1 1 1 1 2 0 0 1 2 0 0 1 0 1 1 0 1 0 1 2 2 1 2 2 0 1 1 0 1 1 1 2 2 1 2 2 2 2 1 2 0 2 1 1 0 2 1 2 2 0 1 1 2 2 2 1 0 0 0 0 1 1 1 1 2 1 2 1 0 1 1 2 2 0 2 1 2 1 1 2 2 0 1 2 1 1 0 1 2 0 1 1 2 2 0 1 2 2 1 2 0 2 2 1 0 2 2 1 0 0 0 2 0 2 1 1 2 2 2 0 1 2 1 1 1 0 1 2 0 1 2 1 1 1 1 0 2 2 1 2 0 1 0 1 2 2 0 1 2 0 1 0 2 0 0 0 1 1 2 0 2 1 1 0 2 1 2 2 0 1 0 2 2 1 2 0 1 2 1 1 0 2 0 1 2 2 2 1 1 1 2 0 1 1 0 0 1 1 1 2 1 1 0 2 1 2 1 2 0 1 0 1 0 2 2 2 0 1 0 0 1 1 1 0 2 1 0 0 2 0 2 1 2 0 1 1 1 2 1 1 1 1 2 1 1 2 2 0 2 2 1 1 0 1 1 1 0 2 0 0 2 1 2 0 0 1 2 2 1 2 0 0 2 1 2 2 0 1 1 0 2 1 1 0 0 0 1 0 1 0 1 0 2 0 2 1 0 0 2 0 0 1 1 2 1 1 0 0 1 1 2 0 2 0 0 2 0 0 0 1 1 0 2 2 2 1 1 1 2 1 0 0 0 1 1 0 1 0 0 0 2 2 0 1 0 0 0 0 0 0 1 0 1 2 1 1 1 0 0 0 0 0 2 2 0 2 2 1 2 2 0 0 2 2 0 0 0 0 2 2 0 1 1 2 2 0 2 2 1 0 2 1 0 1 2 2 0 1 2 0 0 2 2 0 2 2 0 0 2 0 0 2 0 0 0 0 0 0 2 1 2 0 2 1 0 1 1 1 2 2 1 0 2 0 1 0 0 2 1 0 2 1 2 1 2 1 2 2 1 1 2 2 0 2 1 0 0 2 0 2 1 2 0 2 0 0 2 1 2 2 0 2 1 0 2 2 1 2 0 0 1 0 1 2 0 0 2 2 0 2 1 0 2 0 1 1 2 1 2 0 0 1 0 1 2 0 1 2 0 1 2 0 2 1 1 2 0 1 0 0 0 2 0 1 2 0 1 1 2 0 0 1 2 2 2 1 1 0 2 2 0 2 0 0 1 0 2 1 1 2 1 1 0 1 0 2 1 0 1 0 1 0 2 2 2 2 2 2 1 0 1 1 1 0 1 0 2 0 1 0 1 1 2 1 1 0 1 1 1 1 2 2 2 1 0 0 0 1 1 0 1 2 2 1 1 1 2 1 0 1 0 1 1 2 0 0 2 1 0 1 1 2 2 2 1 2 2 0 0 2 2 1 1 0 0 0 2 1 0 2 0 1 0 1 2 1 1 1 1 0 1 1 1 2 0 0 1 1 2 2 0 0 1 1 2 1 1 0 0 2 2 0 1 1 0 2 2 1 0 1 1 1 0 1 2 1 0 0 0 2 0 2 1 0 0 0 2 2 1 1 2 1 2 2 2 2 2 2 0 0 0 0 0 2 1 2 1 0 0 2 1 1 0 2 1 0 0 0 1 1 1 1 1 1 2 1 2 2 1 2 0 1 1 1 1 2 2 1 0 0 2 1 1 2 1 0 2 0 1 1 1 0 2 1 2 0 1 2 0 1 0 0 0 1 0 1 2 2 0 0 2 1 0 2 0 2 1 1 1 1 1 2 1 2 2 1 1 0 0 1 2 0 0 0 0 0 0 2 0 2 1 1 2 0 2 1 0 1 0 2 0 1 0 0 0 1 2 1 2 0 2 1 0 0 0 2 1 1 2 0 0 1 1 0 2 2 2 2 0 0 2 1 2 1 0
634
2 0 1 0 2 1 2 0 0 2 0 1 0 2 1 2 1 1 1 0 0 1 0 2 1 2 0 1 2 1 2 0 0 2 1 0 2 1 1 1 0 2 1 2 0 0 1 2 0 1 1 0 0 2 2 0 1 1 0 1 0 2 2 0 0 1 1 0 0 0 1 1 1 2 2 1 1 1 2 0 0 2 1 2 0 2 2 1 1 0 1 2 0 1 1 1 0 1 0 2 2 2 2 0 2 1 1 0 2 2 0 2 0 0 1 2 1 0 2 1 1 1 1 0 0 1 2 1 1 0 0 1 0 2 1 1 0 2 0 1 2 0 2 0 2 2 2 1 0 1 2 0 2 0 1 0 1 1 1 0 0 1 1 2 2 0 2 2 1 2 1 2 2 2 0 1 1 0 1 2 1 2 2 2 0 1 2 2 2 2 2 2 2 1 2 0 2 2 0 0 0 2 1 1 2 2 1 2 2 2 0 0 2 0 0 2 0 0 1 1 1 2 2 2 1 2 0 1 1 0 1 2 0 2 1 1 0 0 1 0 1 1 1 2 0 2 1 2 0 2 1 2 1 0 2 0 1 2 2 0 0 0 2 1 1 0 1 0 1 2 0 1 2 1 2 1 1 1 2 0 2 0 2 2 2 1 2 2 2 0 1 1 1 1 1 2 2 1 2 1 0 2 1 2 2 1 0 1 0 2 0 2 2 1 2 2 1 0 2 0 1 0 0 0 2 1 0 1 1 1 0 2 2 2 1 2 2 1 1 2 0 2 2 0 1 0 2 2 2 1 2 2 2 2 0 1 2 1 0 1 0 0 2 0 0 2 2 1 2 0 1 2 1 1 2 1 2 1 1 1 0 0 1 2 1 1 2 0 1 0 1 2 0 1 1 0 2 0 1 2 2 1 2 0 2 0 0 0 0 0 2 2 0 2 0 1 1 2 0 0 2 2 0 2 1 1 0 0 0 1 2 0 0 1 2 2 2 2 2 1 0 2 0 2 1 0 1 1 2 2 0 0 2 1 2 2 1 2 0 2 1 1 0 1 2 1 1 2 0 1 2 0 2 2 1 1 1 1 2 0 2 1 0 2 0 2 0 0 2 1 2 2 0 0 1 2 2 2 0 2 1 2 2 1 0 1 1 0 0 1 0 2 1 0 0 2 2 0 0 0 1 2 1 0 2 2 2 0 2 0 2 1 2 2 1 1 1 0 2 0 2 1 1 0 1 1 1 2 2 2 1 2 0 0 2 1 0 2 2 2 1 0 2 2 2 0 1 1 1 1 1 0 0 0 1 0 1 1 2 0 0 0 1 2 2 1 1 2 1 2 1 1 1 0 1 2 0 1 1 2 1 1 1 2 0 0 1 2 1 2 1 0 1 1 1 2 2 0 1 0 1 0 0 0 1 0 1 1 2 0 2 2 0 2
71
1 1 0 0 1 0 2 1 0 2 2 0 0 0 0 1 0 0 2 0 1 1 0 2 0 1 0 2 0 1 0 0 0 2 0 2 1 0 1 2 1 2 2 0 2 0 1 1 2 0 0 1 2 2 0 1 0 2 1 1 0 2 1 0 0 2 1 2 0 0 2
191
2 1 0 1 1 0 1 2 1 2 2 0 1 1 2 2 1 0 2 2 0 0 2 1 2 1 1 2 0 1 1 2 0 0 0 2 0 0 0 2 0 0 1 0 2 2 1 2 0 2 1 1 2 1 0 0 2 1 1 0 0 2 2 0 2 1 2 2 2 2 0 2 1 2 1 1 2 1 2 2 1 2 0 1 1 0 2 1 2 0 2 0 0 0 2 0 1 0 2 0 1 1 1 2 0 0 2 0 0 1 0 0 1 2 1 2 1 0 2 0 0 2 1 2 1 2 2 2 2 1 1 1 0 1 0 2 2 0 0 0 1 1 1 0 1 0 0 2 1 0 2 0 0 1 0 0 1 1 0 2 0 0 1 1 0 2 2 2 0 2 2 0 0 1 1 2 1 0 0 1 1 1 2 2 2 2 1 1 2 1 0
381
0 2 2 1 2 0 1 1 2 2 1 2 0 2 0 2 1 0 2 1 2 0 1 0 0 0 0 0 1 1 0 0 2 1 0 1 0 0 2 0 1 2 0 1 0 2 0 2 0 1 1 1 2 2 1 0 1 2 0 0 2 0 0 1 2 1 2 2 2 1 2 1 2 2 2 2 2 0 0 0 2 1 2 1 1 2 1 1 1 2 0 1 0 1 2 1 0 0 2 2 1 1 0 1 1 2 2 0 2 0 2 2 1 2 0 1 2 2 0 1 0 2 1 0 0 1 0 0 0 0 0 1 1 2 2 0 1 0 2 1 2 0 0 1 1 2 2 2 2 0 1 2 2 0 2 2 0 1 1 2 0 0 2 2 1 0 0 0 0 0 1 1 1 2 0 0 1 0 2 2 2 2 2 1 0 0 2 0 2 2 0 0 1 0 1 1 0 2 1 2 2 1 0 1 0 2 2 0 2 0 2 1 0 0 2 2 0 0 2 0 2 1 0 1 1 1 1 0 1 1 0 2 2 1 0 1 2 1 2 1 2 2 0 0 0 0 0 2 1 2 2 1 2 1 2 0 0 2 2 1 1 0 2 0 1 0 0 1 2 1 1 2 2 0 1 2 0 0 2 1 1 1 1 2 1 2 2 2 0 0 1 2 2 0 0 1 2 2 2 2 1 0 2 2 1 2 1 1 0 1 0 2 2 0 1 0 2 0 1 0 1 1 1 2 2 1 1 2 1 2 1 0 2 0 2 2 1 1 0 1 1 1 2 1 0 1 2 0 2 0 0 1 1 2 0 0 1 0 0 1 0 0 0 0 2 2 1 0 0 2 1 2 1 2 0 1 2 1 2 2 0
31
1 1 0 0 0 2 2 1 1 2 2 1 2 1 0 1 1 0 2 0 2 2 1 0 1 0 1 0 2 2 1
74
2 1 2 1 0 0 0 1 0 0 2 2 2 0 1 0 0 2 1 0 2 0 1 2 2 1 0 0 1 0 2 0 2 1 2 1 1 1 0 0 1 1 0 1 2 0 1 0 2 1 0 0 0 2 1 2 0 2 2 0 1 1 0 1 1 0 0 2 2 2 2 0 0 1
879
1 1 2 1 2 2 0 0 2 1 2 1 1 0 0 1 1 1 1 0 0 1 2 1 1 2 2 2 1 2 0 0 0 2 2 0 1 2 0 1 2 0 0 2 2 0 0 0 2 2 2 2 2 1 0 1 1 2 1 1 1 2 1 0 1 0 0 0 0 0 1 2 0 0 2 0 1 0 0 0 2 0 1 0 2 0 0 2 1 1 0 2 2 2 1 2 1 0 1 1 1 0 1 1 1 0 1 0 0 0 0 2 2 2 1 1 1 2 1 2 1 2 0 0 1 1 0 2 0 1 2 0 2 2 1 0 0 0 0 0 2 0 0 2 2 1 1 0 2 2 1 1 2 0 2 0 2 2 1 2 0 2 1 1 0 1 2 2 0 0 2 2 1 2 1 0 2 0 2 2 2 1 0 2 1 2 1 2 1 2 0 1 1 2 2 1 1 1 0 2 1 1 0 0 0 2 0 1 0 0 2 0 1 2 0 2 0 0 1 1 2 2 0 1 2 1 1 0 1 0 1 2 0 2 2 2 1 0 2 2 1 1 0 2 2 2 0 0 2 0 2 1 1 1 1 1 1 1 2 1 2 0 0 0 0 0 1 0 1 1 2 0 0 1 2 0 0 1 0 0 0 0 1 2 0 0 1 0 1 2 2 2 1 1 1 2 2 2 1 2 0 1 2 2 0 1 1 1 1 1 0 1 2 2 1 2 1 2 1 1 1 0 1 0 1 2 2 0 2 1 2 0 1 0 2 1 2 1 0 0 0 1 2 0 1 2 2 0 1 1 2 2 0 1 0 0 2 2 1 1 1 2 2 0 2 1 0 2 0 2 1 2 2 1 1 2 2 2 2 1 0 2 0 2 2 2 2 0 1 2 1 1 1 0 0 0 2 2 1 2 2 2 0 2 0 2 2 2 2 1 2 0 1 1 1 0 2 0 2 2 0 0 1 1 1 0 0 0 1 0 2 2 1 0 1 1 2 1 2 1 1 0 1 2 0 2 1 2 0 1 1 2 2 1 1 1 0 1 0 0 0 2 0 0 2 1 0 1 1 0 0 1 0 0 1 1 0 0 1 2 2 0 1 0 1 0 0 2 1 1 2 2 2 1 0 2 2 0 1 0 0 1 1 2 0 2 2 0 0 2 0 1 0 1 0 2 0 0 1 1 1 2 2 2 2 1 1 2 0 2 0 2 0 2 2 0 1 0 1 2 1 2 1 2 1 1 1 2 0 2 0 1 1 0 2 0 2 2 1 2 0 2 1 1 2 2 1 1 0 2 1 1 0 2 1 2 0 2 0 1 2 2 2 2 2 2 2 1 1 1 2 0 0 2 2 1 0 2 1 2 1 1 2 0 1 0 2 0 1 2 0 0 2 2 0 0 0 2 1 0 2 2 0 0 1 2 2 0 1 0 0 1 1 1 0 0 0 2 2 1 2 0 2 0 2 2 2 2 0 2 0 2 1 0 1 1 2 2 1 2 1 2 0 2 0 1 0 2 1 0 0 2 1 0 2 1 0 1 0 0 2 0 2 0 0 1 1 1 0 1 2 0 1 2 0 0 0 0 2 1 0 1 1 2 2 2 0 2 0 1 2 0 1 1 0 0 2 1 2 0 1 1 1 0 1 1 0 0 2 2 1 0 1 2 2 1 0 1 0 2 1 0 2 0 0 2 2 0 0 1 0 0 1 1 2 1 1 2 1 1 1 2 0 0 2 0 0 0 0 1 2 2 0 1 1 1 2 2 0 1 0 2 2 1 2 0 2 0 1 0 2 1 1 2 0 2 0 1 2 2 2 1 0 2 0 0 2 1 2 2 0 2 2 2 2 2 0 1 1 1 2 2 1 2 0 1 1 0 1 2 0 0 2 0 2 1 1 1 1 2 0 2 0 1 0 1 1 2 0 0 2 2 2 1 1 1 1 2 2 0 1 1 1 2 0 1 1 0 2 0 2 2 1 0 0 0 1 2 0
321
2 1 0 2 1 2 1 2 2 2 1 1 0 0 0 2 0 1 1 1 1 2 2 1 2 1 1 0 0 0 0 0 1 0 2 2 2 1 1 0 2 2 0 0 1 1 1 1 2 0 2 2 1 0 0 2 0 1 2 0 1 1 0 2 1 2 0 1 2 1 1 2 0 1 2 0 1 1 2 2 0 0 0 1 0 1 1 2 1 1 0 2 2 1 2 1 2 2 2 2 0 2 1 1 1 0 2 2 0 2 0 2 0 1 1 1 1 0 2 2 0 1 1 0 1 2 1 1 1 1 2 2 1 2 2 1 1 0 0 1 1 2 1 2 2 2 2 2 2 0 0 0 2 0 2 2 1 0 2 1 1 0 0 1 1 2 0 1 0 2 2 1 2 2 1 2 0 0 2 2 2 2 0 2 2 1 1 2 2 2 1 2 2 1 1 1 0 2 1 0 1 2 0 1 2 2 0 2 2 2 2 1 2 0 1 2 2 2 2 2 2 1 0 2 0 0 2 2 2 2 1 2 1 1 1 1 1 1 2 1 2 0 1 2 0 2 0 0 2 2 0 0 0 1 0 0 0 1 2 0 1 0 0 0 2 1 2 2 1 0 1 2 1 2 0 0 2 1 0 1 2 2 2 0 1 0 1 1 0 1 2 1 2 0 1 2 0 2 1 0 0 1 1 1 2 2 1 0 0 1 2 0 1 1 2 0 0 1 1 2 0
808
1 1 0 1 2 1 0 1 1 0 2 0 1 2 2 0 2 2 2 0 0 0 1 2 0 1 0 2 2 2 0 1 0 0 0 0 1 2 2 2 0 1 1 1 2 1 2 2 0 2 1 0 1 1 1 0 2 0 2 0 1 2 0 0 1 2 1 2 1 0 0 0 2 2 2 2 2 1 0 2 1 0 1 0 0 0 2 1 0 1 0 2 1 1 1 0 1 1 2 2 2 2 0 1 1 0 0 0 1 2 2 2 0 2 0 2 1 2 0 1 2 2 2 1 0 0 0 2 2 0 0 2 1 1 1 0 1 1 0 1 2 2 0 1 2 0 1 2 0 0 0 1 1 0 2 2 2 0 1 0 1 2 2 1 1 1 0 1 2 1 0 1 2 0 0 0 1 1 2 1 1 0 0 2 0 1 1 1 1 0 1 1 2 2 2 2 1 2 0 2 1 1 1 1 0 1 1 1 2 1 2 0 2 0 2 1 0 0 0 2 0 1 2 1 0 0 0 2 2 1 2 2 2 0 0 0 0 0 1 1 0 0 2 0 1 0 0 2 2 0 1 2 0 0 0 2 1 1 0 2 0 2 2 0 2 1 0 2 1 1 2 1 0 0 0 2 1 0 2 0 2 2 1 1 1 0 2 0 1 0 2 2 2 2 1 2 1 0 1 0 1 1 2 2 0 2 2 1 1 1 2 0 1 2 0 0 0 1 1 1 1 0 2 0 1 0 2 1 2 2 2 0 0 2 1 2 0 1 2 1 2 1 1 1 0 0 2 0 2 1 1 0 0 0 1 0 1 2 2 2 0 0 0 2 0 0 0 2 2 1 0 2 1 2 2 2 0 1 2 2 1 2 0 1 2 0 2 2 2 1 1 0 1 2 0 0 1 0 1 2 2 0 0 1 1 2 1 2 2 2 0 1 0 0 0 0 0 1 1 1 0 2 1 1 0 0 0 1 2 1 1 0 1 1 2 0 2 2 2 2 0 1 0 1 1 0 0 0 0 0 1 0 0 0 1 0 2 2 0 2 2 2 1 0 1 0 0 0 1 1 1 2 0 1 2 1 1 2 0 2 0 1 0 0 0 2 1 2 1 1 2 0 0 0 2 2 2 1 1 0 0 0 0 0 2 2 0 1 0 2 1 0 1 0 1 2 0 1 1 1 1 1 1 0 2 2 0 0 0 0 2 1 0 2 1 0 2 0 2 0 0 2 2 2 2 0 1 2 2 0 0 1 2 2 2 2 2 2 2 2 2 0 1 0 1 2 0 1 0 2 1 2 1 2 0 1 1 2 1 1 2 2 1 2 2 2 2 2 0 2 1 1 2 2 1 1 0 0 1 2 0 2 2 2 0 2 0 2 2 0 2 2 2 2 1 0 1 1 1 1 0 2 2 2 2 0 1 2 2 1 1 2 0 0 1 2 0 0 2 0 2 2 0 1 2 2 0 0 2 1 1 2 2 1 1 2 0 0 0 1 2 2 0 2 1 2 1 1 1 2 1 1 2 2 1 0 0 2 1 0 2 1 0 0 2 0 1 1 2 2 0 1 1 2 2 1 2 0 1 1 2 1 0 0 2 2 2 1 1 1 0 1 2 1 2 0 0 0 1 2 2 1 0 2 2 1 0 2 0 0 1 0 2 1 2 2 0 2 2 2 2 1 0 1 0 2 1 1 0 0 2 2 0 1 2 0 2 1 0 0 0 2 2 0 1 0 1 2 0 2 1 2 1 1 1 1 0 0 0 1 0 1 2 1 1 0 2 0 1 2 2 2 0 1 2 2 1 0 0 0 2 2 2 0 0 2 0 1
669
2 2 0 0 0 0 1 0 1 0 0 0 1 2 0 1 1 0 0 2 1 0 1 2 2 0 1 1 0 2 0 1 2 0 0 2 0 2 1 2 1 1 2 0 2 0 0 0 2 2 2 2 0 1 2 1 2 0 2 1 0 1 0 1 2 0 0 1 0 1 0 1 0 2 1 1 1 0 1 0 0 2 0 2 1 1 1 1 1 0 1 2 1 1 0 1 1 1 0 2 1 1 1 0 1 0 2 0 1 0 2 2 0 2 1 1 1 1 1 2 0 1 0 2 0 0 2 2 0 2 0 2 0 1 0 0 0 1 2 0 1 1 0 0 0 2 0 2 2 0 1 2 2 0 0 1 2 2 0 2 0 1 1 2 0 1 1 1 2 2 0 1 1 1 0 0 1 1 1 1 2 1 2 2 0 1 1 2 1 1 0 2 0 1 2 1 0 1 2 2 2 1 1 1 2 1 1 0 2 0 2 2 0 0 2 0 0 1 2 1 2 1 2 0 0 0 2 0 2 1 1 2 0 2 0 2 1 1 1 0 1 0 2 0 0 0 1 0 0 2 2 2 1 0 0 2 1 1 0 0 2 2 1 1 0 1 0 0 1 2 1 0 2 1 2 1 1 0 0 2 2 1 2 0 1 1 1 0 0 0 0 0 0 0 0 2 0 0 1 2 2 1 0 1 1 0 2 0 2 1 0 0 1 1 1 1 0 2 0 0 1 0 0 2 0 0 2 2 0 2 1 0 1 2 1 0 2 2 0 0 0 1 1 1 2 1 0 0 1 2 0 0 1 0 0 0 1 0 2 1 2 2 0 0 1 1 0 1 1 0 2 1 2 0 0 2 1 0 2 0 1 1 1 1 2 0 1 0 1 1 1 1 2 0 1 0 0 0 2 2 0 0 0 0 0 0 1 1 0 2 1 0 0 1 0 2 2 0 0 1 2 1 2 0 1 1 2 1 0 2 0 1 1 1 1 1 1 1 1 0 0 0 2 2 1 0 1 0 0 0 0 0 2 0 2 1 2 0 2 0 2 0 2 2 0 1 1 1 1 1 2 2 0 1 2 0 1 2 1 2 2 1 2 2 0 0 2 1 0 2 0 2 2 1 1 2 2 2 1 2 0 0 2 2 0 0 2 2 1 0 2 0 1 2 1 2 1 1 0 1 0 2 2 2 1 2 2 1 2 2 1 1 0 0 2 2 0 2 0 2 2 0 0 2 2 2 1 2 1 0 2 0 0 1 1 2 1 2 1 0 2 1 1 2 1 1 2 0 1 0 1 0 2 1 1 1 2 2 2 0 1 0 1 1 1 2 0 1 2 1 2 0 0 2 0 0 1 0 0 0 2 1 1 0 1 0 2 2 1 1 2 1 0 1 0 0 0 2 2 0 0 1 1 2 2 0 2 2 1 2 1 0 2 1 0 1 0 2 2 0 1 0 1 1 1 2 1 0 2 1 2 0 1 1 0 2 0 0 2 0 1 1 1 2 0 2 0 0 2
137
0 0 0 1 2 1 0 1 0 0 1 0 2 0 2 0 0 0 2 1 1 2 0 2 2 2 0 1 2 2 0 1 2 1 0 1 0 0 0 0 1 0 0 1 2 2 2 1 0 2 1 0 2 2 2 0 2 0 2 0 2 0 1 2 1 0 1 2 1 1 1 0 0 0 1 2 2 0 1 1 2 0 1 1 0 0 2 0 2 0 1 2 2 2 2 0 2 1 0 2 2 0 1 2 2 0 1 1 2 1 2 1 0 1 1 0 2 0 2 1 0 2 0 0 0 1 0 2 2 2 2 2 2 0 2 2 1
177
2 2 1 2 2 0 1 0 2 1 0 0 2 1 0 1 2 0 2 2 1 1 2 0 1 0 1 0 0 0 1 1 1 2 1 1 2 2 1 2 1 1 0 0 2 2 1 1 1 1 2 2 1 2 2 0 1 1 2 1 1 0 2 0 1 2 0 1 0 1 0 1 0 2 1 0 0 0 2 2 2 2 2 0 1 1 2 0 2 0 0 2 0 0 2 0 0 2 1 2 1 2 0 1 2 1 2 1 0 2 0 2 1 1 1 0 0 2 1 1 0 1 2 0 1 0 2 1 0 2 1 2 1 0 0 2 0 0 0 1 2 2 0 1 1 0 0 0 1 2 0 2 0 0 1 1 0 1 2 0 1 0 2 1 1 0 0 0 0 0 2 2 2 1 0 0 2
779
2 1 1 0 2 1 2 2 1 0 2 0 2 0 0 1 1 1 1 2 1 2 2 2 1 2 0 2 0 2 1 0 0 2 0 0 2 2 1 1 0 0 2 0 2 1 0 1 1 0 1 1 1 0 1 2 0 2 1 0 1 1 1 1 2 1 2 0 0 0 1 1 2 0 2 1 1 1 1 2 2 2 2 0 2 1 2 0 1 2 1 1 0 2 1 1 2 0 1 1 1 1 1 2 2 1 0 0 2 1 2 2 2 2 2 1 2 2 0 1 2 2 0 1 0 0 2 0 2 0 1 0 0 1 0 0 2 1 1 2 2 2 1 1 2 0 1 2 2 2 0 0 0 2 1 1 0 0 0 1 2 1 2 2 1 2 2 2 2 0 2 1 1 2 0 0 2 0 1 1 2 2 2 2 1 0 1 0 0 1 0 2 0 1 1 1 2 2 1 2 0 1 1 2 0 1 1 0 2 2 1 2 0 1 2 1 1 2 1 2 1 2 1 1 2 0 2 2 0 0 0 0 2 1 2 0 0 2 0 1 1 0 2 0 1 1 0 0 2 2 2 1 1 0 2 0 1 2 0 2 0 2 2 2 0 2 2 1 2 0 0 0 1 1 2 1 0 2 2 1 2 2 2 2 0 2 1 2 2 1 2 2 1 2 0 2 2 1 0 1 2 0 1 0 0 1 0 1 1 1 2 0 0 1 0 1 1 2 2 0 1 1 0 2 1 0 2 0 2 2 0 1 1 0 0 2 1 2 1 1 2 2 1 1 1 2 1 1 0 2 0 2 2 0 1 1 2 1 2 2 0 0 2 2 0 0 0 1 0 1 1 1 1 0 1 1 0 1 1 1 1 2 0 0 2 2 1 2 0 2 2 2 1 1 1 1 0 0 0 0 0 0 1 0 0 0 1 1 0 0 1 2 2 0 1 0 1 1 2 2 1 2 0 0 1 0 0 2 0 2 2 0 0 1 0 1 1 2 2 0 2 2 0 2 0 0 1 0 2 0 0 2 2 0 2 2 0 0 2 0 0 2 1 0 1 1 1 2 1 1 2 2 0 1 2 2 2 1 2 1 1 0 1 1 2 2 1 1 1 1 1 2 0 0 2 0 1 2 2 0 2 1 0 0 1 0 0 1 1 0 0 1 1 1 1 0 2 1 2 1 0 1 2 2 0 0 2 2 1 1 0 2 1 1 2 0 1 1 1 2 0 1 1 1 2 1 2 0 2 0 2 0 1 0 1 0 0 1 1 1 0 0 1 2 1 0 2 0 0 0 1 1 1 1 2 0 1 2 0 0 2 2 1 1 2 1 1 2 1 0 0 0 1 2 1 0 0 1 0 0 1 0 0 2 2 2 1 1 1 2 0 2 0 1 0 2 0 1 1 2 1 0 1 2 2 1 0 2 0 2 0 0 2 1 0 2 1 0 1 1 0 0 2 2 0 0 1 1 1 2 1 2 2 0 0 0 1 2 0 2 2 0 1 1 1 2 2 2 2 2 1 2 0 1 0 0 2 2 2 0 1 1 2 0 1 0 0 0 0 0 0 0 0 2 1 2 2 1 2 1 2 0 0 0 2 1 2 0 1 2 2 2 0 1 1 2 0 0 0 0 2 0 1 0 1 1 1 0 2 0 0 0 2 2 0 0 0 2 2 2 0 0 2 0 2 1 2 1 0 1 0 1 1 0 1 2 0 1 1 1 1 0 1 2 1 2 2 1 1 1 2 2 1 0 1 1 1 2 2
909
2 2 0 2 2 2 1 0 2 1 1 1 0 0 0 2 1 2 1 0 0 2 2 1 1 0 1 0 1 2 2 0 0 1 1 2 2 0 1 1 1 2 0 1 2 2 0 1 1 1 1 1 1 0 2 2 2 2 2 2 2 2 2 2 0 2 2 2 1 1 2 0 1 2 1 0 0 2 1 0 1 0 1 0 2 1 0 2 0 2 0 0 2 0 2 2 0 2 1 1 2 2 0 0 1 1 1 0 1 1 1 1 2 1 1 0 1 1 2 2 1 0 1 0 2 1 2 2 1 1 0 0 1 1 0 2 0 0 1 0 0 1 1 0 1 2 0 2 1 1 0 0 2 1 1 0 1 2 1 0 0 2 2 2 0 1 2 1 0 0 0 2 1 1 2 0 1 2 1 2 1 0 1 0 2 0 2 2 0 0 1 1 2 0 0 1 0 1 0 2 2 0 2 0 2 0 2 0 0 0 2 2 0 2 1 0 2 0 0 2 1 0 2 2 1 1 0 0 1 1 0 2 0 0 0 1 1 1 0 1 2 1 1 1 0 2 0 1 1 0 0 2 0 0 0 2 2 2 1 1 2 1 2 2 2 0 1 1 1 2 1 1 0 1 0 0 2 0 0 2 0 0 1 0 1 2 0 0 2 0 1 2 0 1 0 2 0 2 2 0 0 0 1 1 1 2 1 2 0 0 0 0 1 2 0 0 0 0 2 0 1 1 0 2 1 2 0 1 1 0 1 0 0 2 2 0 0 2 1 1 2 2 1 1 2 2 1 1 0 2 1 2 0 1 2 0 0 1 2 2 0 1 2 1 0 2 2 1 1 2 2 2 1 2 1 0 0 2 2 1 2 2 1 2 0 2 1 1 0 2 0 2 1 2 2 0 2 1 1 0 2 2 1 1 1 0 1 2 2 2 0 1 0 1 2 2 1 2 2 0 1 2 0 1 0 2 1 2 2 1 1 2 1 0 0 2 1 1 0 1 2 2 1 1 0 2 2 2 1 2 1 0 1 0 2 2 1 2 1 2 0 1 2 2 0 2 1 2 1 1 0 1 0 2 0 2 2 0 1 1 1 0 2 0 2 0 0 0 0 2 0 2 0 1 0 1 2 2 2 1 1 1 2 2 1 0 2 2 1 1 1 1 1 1 1 2 2 0 2 0 2 2 1 0 0 2 2 2 1 1 2 2 1 2 2 0 1 2 2 2 0 0 0 0 0 0 0 0 0 1 1 2 2 0 2 0 0 0 1 1 1 2 2 1 0 2 2 1 2 0 2 0 2 1 2 1 2 2 2 2 1 0 2 2 1 0 1 1 0 2 1 2 2 1 1 1 2 0 0 2 1 0 0 2 1 2 1 2 0 0 0 2 1 2 2 2 2 2 2 0 2 0 2 2 1 0 0 1 2 0 2 1 0 1 1 2 2 2 1 1 0 1 0 1 2 0 1 1 0 2 2 2 0 2 0 2 2 1 1 1 0 2 1 2 2 1 2 2 0 0 1 2 0 1 1 2 2 2 0 1 1 0 0 0 0 2 2 1 2 2 0 0 2 1 1 1 1 1 2 0 1 1 0 2 0 1 2 1 0 2 0 0 0 0 0 2 1 1 0 1 2 0 1 0 1 2 2 0 0 1 1 0 1 1 1 1 1 0 1 0 1 2 1 0 1 2 0 1 0 1 2 1 2 0 1 1 0 1 0 1 2 0 0 2 0 1 2 0 2 0 1 2 1 1 0 1 2 2 2 2 1 0 2 0 2 2 2 2 2 0 0 0 0 0 0 0 2 0 1 2 0 1 0 2 0 0 2 1 1 0 0 0 0 2 0 2 0 1 0 0 0 2 0 1 2 0 1 1 2 1 2 2 2 0 1 1 1 2 2 2 1 0 1 0 1 0 2 2 0 0 2 2 0 1 2 2 1 0 1 0 1 1 1 2 0 1 1 0 1 2 1 1 0 0 0 0 1 2 1 1 0 1 2 1 1 1 1 2 1 0 0 0 1 1 0 0 0 2 0 0 2 2 0 2 1 0 1 2 1
156
2 2 0 2 1 2 0 2 1 2 2 2 0 0 0 1 2 2 0 0 2 1 1 1 0 0 2 2 1 2 0 0 2 1 2 0 0 1 1 2 2 0 2 2 0 1 0 2 2 1 1 1 1 1 0 2 1 0 2 2 0 0 1 0 0 0 1 1 1 1 0 1 1 1 2 0 0 1 0 2 0 0 2 1 1 0 0 2 1 2 0 0 1 1 1 0 1 1 0 2 0 2 0 2 2 0 2 2 2 1 2 2 0 2 0 2 1 2 0 2 0 0 1 2 0 2 2 0 1 0 0 1 2 0 2 1 1 0 2 1 2 2 0 2 0 2 1 1 1 0 0 2 2 1 0 2
362
0 0 2 1 0 1 0 2 0 1 0 1 2 0 0 1 2 2 0 2 1 1 0 1 0 2 2 1 2 2 2 0 2 0 2 1 0 1 0 0 1 2 0 1 2 1 0 0 1 0 0 1 0 1 0 2 1 0 0 1 0 1 2 1 1 2 0 2 2 0 0 2 2 2 2 1 1 2 0 2 1 1 1 0 2 2 2 1 1 1 1 2 2 1 2 1 0 2 2 2 1 2 1 0 1 2 2 1 2 0 1 0 1 1 1 2 1 0 2 0 1 2 1 1 2 1 2 0 1 1 0 1 1 1 1 1 1 1 1 2 2 1 2 2 0 1 1 1 1 0 0 0 1 0 0 2 0 2 1 2 1 0 1 0 2 0 2 0 2 0 1 1 2 1 2 2 2 2 1 1 2 1 1 1 1 2 1 1 1 1 2 0 0 2 0 1 1 0 1 0 1 2 0 2 2 0 2 0 2 2 1 0 0 0 0 0 0 0 2 0 2 1 2 0 0 2 0 1 0 2 1 0 0 2 2 1 2 1 0 2 1 1 2 2 2 2 1 2 0 2 1 2 2 2 0 2 1 2 1 2 2 0 1 0 0 1 1 2 0 2 1 2 1 2 2 0 1 1 1 0 2 2 2 2 2 2 2 0 0 1 0 2 2 1 0 0 2 2 1 1 1 1 2 2 0 2 1 2 0 1 1 0 1 1 2 1 0 2 0 2 2 2 1 2 2 0 2 0 2 0 2 2 1 0 1 2 2 1 2 1 2 2 2 2 2 0 1 1 1 1 0 1 1 2 0 1 1 1 1 0 2 0
936
1 2 1 1 1 1 2 2 0 0 1 1 2 1 2 2 0 2 1 1 0 2 0 2 1 1 0 0 2 0 2 1 0 2 1 1 2 0 0 0 2 1 0 1 2 0 2 0 1 2 0 2 0 2 2 0 2 1 1 2 1 1 1 1 0 1 2 0 2 1 1 1 0 1 2 2 1 0 2 0 1 1 0 1 0 1 2 2 0 1 1 0 2 0 1 0 1 2 2 2 1 0 0 0 1 2 0 1 2 2 2 0 1 2 0 0 0 2 1 1 0 2 0 1 1 0 1 2 0 1 1 2 0 0 1 0 0 1 0 1 2 2 2 1 1 2 2 2 0 1 2 0 2 0 2 0 0 2 2 0 2 2 2 1 1 0 1 0 0 1 2 1 2 2 0 0 2 2 2 0 2 2 2 1 2 1 2 2 2 0 0 0 2 1 2 2 1 2 0 1 1 0 2 1 0 0 1 1 1 0 1 2 2 1 2 1 1 1 2 1 2 2 2 2 1 1 2 0 0 1 0 1 0 0 2 2 2 1 2 2 0 1 2 1 1 2 2 0 2 0 1 2 1 1 0 1 0 2 2 2 2 1 2 0 1 0 1 0 0 1 0 2 0 1 0 1 2 2 1 1 2 0 2 2 2 1 0 2 1 2 2 0 0 0 0 1 2 0 0 1 1 2 0 1 0 1 0 2 0 0 0 1 2 0 0 1 0 1 1 2 1 0 2 2 2 2 2 1 2 0 0 0 2 0 0 2 2 1 1 2 0 0 1 1 2 1 2 1 0 0 0 2 0 1 2 0 1 0 0 2 2 0 1 1 0 0 1 2 0 1 0 0 1 0 0 2 1 1 1 2 2 1 1 2 2 1 2 1 2 2 0 2 2 1 1 1 0 0 2 1 0 0 2 2 0 1 0 1 1 1 0 1 1 0 1 1 1 2 1 1 2 2 0 0 0 2 0 0 1 2 2 0 2 0 2 1 0 2 0 0 2 1 0 0 2 1 2 1 1 2 0 2 2 2 0 1 0 2 0 1 2 1 2 0 1 1 0 1 2 1 0 1 1 0 1 1 1 1 0 2 1 1 0 2 0 2 1 0 1 1 2 2 1 2 2 2 0 1 2 2 2 0 2 2 1 1 2 2 0 0 1 0 2 0 0 0 0 1 0 1 0 1 2 0 2 0 0 1 1 2 1 2 1 0 0 2 1 1 2 2 2 0 1 2 0 2 2 2 1 2 0 0 1 1 2 1 0 1 1 0 2 0 0 0 0 1 0 2 1 2 1 0 0 1 2 2 1 0 1 2 1 0 2 0 2 0 1 0 1 0 0 1 0 2 2 1 2 0 2 1 0 0 0 2 1 2 0 0 1 0 2 2 1 0 0 0 2 1 0 2 2 1 1 1 1 1 0 0 1 0 0 2 1 0 2 1 0 1 0 2 2 0 2 1 2 0 0 1 0 0 1 1 2 0 1 2 2 0 1 2 2 0 0 2 0 2 0 1 1 2 0 1 1 2 1 0 0 2 0 0 0 2 1 0 2 1 1 1 0 0 0 1 2 1 1 0 0 0 2 1 1 2 1 1 1 0 1 0 1 2 0 0 1 2 2 1 1 1 1 2 2 2 0 0 2 2 0 1 2 2 2 1 2 1 2 1 0 2 2 1 2 2 0 0 1 0 2 1 0 1 0 2 2 2 1 2 1 2 1 1 0 2 0 2 1 0 0 0 2 1 2 2 2 0 1 0 2 0 1 2 2 1 2 0 0 2 0 2 2 0 0 0 1 1 2 2 2 2 1 1 1 2 2 0 0 0 2 0 2 0 2 1 0 2 2 1 2 0 2 1 0 2 1 0 0 1 1 2 2 2 0 0 0 2 0 0 0 0 0 2 1 0 0 1 0 0 0 0 2 0 2 2 2 0 0 2 2 0 2 1 0 0 0 1 1 2 2 2 2 0 2 2 1 1 0 1 1 0 1 1 1 0 1 1 1 1 1 0 1 2 0 0 0 2 0 2 1 2 1 1 1 1 2 0 1 1 0 1 1 2 2 2 2 2 1 2 2 0 1 1 2 0 2 2 0 1 0 0 1 1 1 0 2 2 1 2
184
2 1 1 2 0 2 0 0 0 1 2 1 0 2 1 0 1 0 1 1 0 0 0 1 0 0 0 1 0 1 2 1 2 2 0 0 2 2 1 0 2 1 2 0 0 0 1 2 0 2 0 2 0 1 0 0 0 2 2 1 0 0 2 0 1 1 1 2 0 0 0 2 0 1 1 1 0 2 2 2 2 0 2 1 0 2 0 2 2 2 1 2 1 2 1 0 1 0 0 0 2 1 2 2 1 1 2 1 0 2 2 0 0 0 1 1 2 0 0 1 2 0 2 2 0 1 1 2 2 0 2 2 2 1 1 2 0 1 2 0 2 2 1 0 0 0 1 0 1 1 2 2 2 2 2 2 0 2 2 0 2 2 0 1 2 2 2 2 2 2 1 2 0 0 2 0 1 2 1 0 1 0 0 0
708
0 1 0 0 1 2 1 0 1 1 0 2 2 0 2 0 2 1 0 0 1 1 2 0 1 1 1 0 0 0 1 0 1 0 2 1 0 0 0 1 1 0 0 1 1 0 2 2 0 0 1 2 2 2 1 1 2 2 1 2 1 0 0 2 1 0 1 1 1 0 2 0 0 0 2 2 2 1 2 0 1 0 2 0 1 0 0 0 1 0 2 1 2 1 0 0 2 2 1 0 1 1 2 1 1 1 0 1 0 2 2 2 0 2 0 1 1 2 2 0 0 0 2 0 2 2 2 1 0 0 1 2 1 2 2 2 0 2 0 2 1 0 1 0 1 1 0 1 1 1 2 0 0 2 1 0 2 2 2 0 1 1 2 0 1 2 2 2 0 1 2 0 2 1 2 0 2 0 1 1 0 2 1 1 2 0 0 1 1 0 0 1 2 0 1 1 1 1 0 2 1 0 1 1 1 1 1 1 0 0 1 2 2 1 0 0 0 0 1 0 2 1 1 0 1 1 2 1 0 2 0 0 2 0 1 0 0 2 0 1 2 0 2 1 2 0 1 0 2 1 1 2 1 1 2 0 0 2 2 2 1 0 2 2 0 0 2 1 1 0 0 2 0 0 0 0 2 1 2 1 0 0 0 2 2 0 0 0 0 2 1 1 1 2 2 1 1 1 0 0 2 0 2 1 0 2 0 0 1 0 1 1 2 1 2 1 0 0 2 1 1 1 1 2 0 1 1 2 2 1 1 0 0 0 0 0 0 0 2 1 1 0 2 0 0 0 1 2 1 1 1 1 0 2 0 2 2 1 0 0 0 1 1 1 2 1 1 1 2 0 1 0 1 2 0 2 1 1 2 2 1 0 1 0 2 2 2 0 1 2 2 1 2 2 1 1 1 0 1 0 0 2 2 0 1 1 2 1 1 1 2 1 1 1 1 0 1 1 2 0 0 0 2 0 1 0 2 0 2 2 0 2 2 0 0 2 0 2 1 1 2 2 2 0 1 2 0 1 2 2 2 1 0 0 2 0 1 1 1 1 2 1 0 2 0 1 1 1 1 2 1 1 2 0 2 0 1 2 1 2 1 0 2 0 0 0 2 0 2 1 2 0 0 1 0 1 1 2 0 1 1 1 1 2 2 0 0 2 2 2 2 2 2 0 0 2 0 1 2 0 2 1 2 1 1 2 0 2 1 1 2 2 0 0 2 1 2 2 2 0 2 1 1 1 1 0 1 0 2 1 0 2 2 0 2 0 2 0 0 2 2 0 1 2 1 2 1 2 1 1 1 0 2 2 0 2 0 0 1 2 0 0 1 1 2 1 0 2 2 1 2 1 0 0 2 1 2 0 0 2 0 1 2 0 2 2 0 0 1 0 1 2 2 1 1 1 2 1 0 0 0 1 0 2 1 2 1 1 1 0 1 1 0 1 2 0 1 2 1 0 1 0 0 0 0 2 0 1 2 2 0 1 1 0 2 2 0 0 1 2 2 0 2 0 0 0 0 1 2 1 2 2 2 0 0 1 2 1 1 1 2 0 2 1 1 2 0 0 2 0 0 2 2 0 1 1 2 1 1 0 1 2 1 0 2 2 0 1
8
2 2 0 0 2 1 1 2
876
0 1 0 2 0 1 0 0 2 2 2 2 1 2 1 0 2 1 2 2 2 2 1 1 1 1 2 0 0 0 2 1 0 0 2 1 0 1 2 1 2 0 1 1 0 2 1 2 0 0 0 0 0 0 1 1 1 2 1 0 1 1 2 1 1 2 0 1 1 2 2 0 1 2 0 1 2 0 1 1 0 1 0 0 0 2 1 2 1 2 2 0 2 1 0 0 0 2 0 2 0 0 0 1 0 2 0 1 0 2 2 2 0 0 0 2 1 0 1 2 2 1 2 0 0 0 0 2 1 2 0 0 2 1 0 2 2 0 0 2 2 1 1 2 1 2 0 0 2 1 1 0 2 2 0 0 1 2 0 0 2 2 2 2 1 1 1 0 1 0 2 2 0 0 2 2 0 0 0 0 0 1 0 1 0 0 0 2 1 1 2 2 2 1 1 1 2 1 2 1 2 1 1 2 1 2 2 2 1 0 2 1 2 1 0 0 2 1 0 2 0 2 0 0 1 0 2 0 0 2 0 2 1 0 2 2 1 0 1 2 2 2 0 2 0 2 0 1 0 0 2 1 2 2 1 1 1 2 1 0 0 1 1 1 1 1 0 0 1 1 1 1 1 0 1 0 2 1 2 0 0 1 1 0 1 2 0 1 0 1 1 0 2 1 0 0 2 0 0 0 2 1 2 2 1 1 2 0 2 1 1 1 2 2 0 0 0 1 1 0 2 1 0 0 1 2 1 2 1 0 1 2 2 2 0 2 1 1 2 2 0 0 1 0 1 1 1 2 2 2 1 2 1 0 0 0 0 0 1 0 1 0 1 2 1 1 1 1 1 1 2 0 2 2 1 0 0 0 2 2 0 1 1 0 0 1 2 1 1 2 0 1 0 0 1 2 0 2 2 0 1 2 0 0 2 0 2 2 1 2 2 0 2 2 2 1 0 0 1 1 1 1 0 2 0 2 0 1 0 2 2 1 2 1 2 1 1 2 2 2 2 0 1 1 1 1 0 0 1 0 0 0 1 2 1 2 0 1 0 2 0 1 2 0 1 2 0 1 1 0 0 0 2 2 1 2 0 2 2 0 1 0 1 2 2 2 2 1 2 0 0 0 2 1 2 2 1 0 1 2 1 2 1 2 2 0 1 0 1 1 1 1 2 1 0 1 1 1 1 2 1 2 2 0 0 0 2 0 0 2 0 1 2 1 2 0 2 1 1 0 1 2 2 0 1 1 2 2 0 1 0 1 0 1 0 1 1 1 2 0 0 2 0 1 0 1 1 2 0 0 1 1 0 1 2 2 2 1 1 1 1 0 1 2 0 0 2 1 1 2 2 1 0 0 2 0 0 0 0 1 2 0 0 2 0 0 2 1 1 0 0 0 0 1 2 0 0 2 2 0 0 0 0 0 2 0 2 0 2 0 1 0 1 2 2 0 0 2 2 0 2 0 2 2 2 1 0 1 0 0 1 1 2 1 2 2 2 0 2 2 2 2 0 2 0 0 2 2 2 2 1 1 0 2 2 0 1 2 0 0 1 0 1 1 0 0 0 1 0 0 2 1 1 0 0 2 0 0 2 2 1 0 0 0 0 0 1 2 1 0 0 0 0 2 2 2 0 2 2 0 2 2 1 1 0 2 1 1 0 0 0 1 0 0 0 1 0 0 0 2 1 1 2 1 0 2 1 0 1 2 0 1 1 1 0 2 1 0 0 1 2 2 0 0 1 1 2 0 2 0 0 0 2 1 0 1 0 1 2 1 0 0 2 1 1 0 2 2 0 2 2 1 1 2 2 0 2 2 2 2 1 2 1 0 1 0 2 1 0 2 0 1 0 1 2 2 1 0 0 0 1 0 2 1 0 2 0 0 2 2 0 2 1 1 1 2 2 1 1 0 2 2 2 2 0 1 1 2 2 1 1 2 1 0 0 1 1 1 0 1 2 2 2 0 1 0 1 1 2 0 2 0 2 2 0 1
75
1 0 2 0 2 0 0 0 0 1 2 1 2 2 1 1 0 2 2 1 0 2 0 0 0 0 0 0 1 0 1 2 0 0 1 2 1 0 2 0 1 2 0 2 1 0 2 2 0 0 0 2 1 1 1 2 2 1 1 1 0 0 1 0 0 0 2 1 2 0 2 1 1 2 2
224
2 2 2 0 2 1 1 0 0 1 0 2 2 1 1 1 1 1 2 1 1 2 1 0 0 1 0 1 2 2 2 2 1 1 0 1 0 1 2 2 2 0 1 2 1 2 0 1 2 0 0 1 0 1 1 0 1 0 0 0 2 1 2 2 0 2 2 2 0 1 1 1 2 0 2 1 2 0 1 0 2 1 0 1 1 2 1 0 2 0 0 2 0 2 0 0 2 1 1 2 2 1 0 1 1 0 2 2 2 1 2 0 2 1 2 1 0 1 2 0 1 1 2 2 1 1 2 1 0 1 2 1 0 2 2 2 0 0 0 1 1 0 0 0 1 2 1 0 0 0 1 0 2 1 2 2 1 2 2 1 1 2 1 2 0 2 2 1 0 1 0 0 2 1 2 1 0 2 2 0 0 1 1 2 1 1 0 0 0 2 1 0 1 2 2 0 2 0 0 1 2 1 2 2 2 2 0 1 0 0 2 2 2 0 2 0 1 0 1 2 1 0 1 1
236
2 1 0 0 1 2 1 2 0 0 0 0 1 0 2 1 1 2 1 0 0 2 0 0 0 0 2 2 0 0 1 0 2 1 0 2 1 1 0 0 2 0 1 0 2 1 2 2 0 0 2 1 1 0 1 0 1 2 0 1 0 0 2 0 2 0 2 1 0 2 1 0 1 1 1 2 0 0 2 0 1 1 2 1 0 1 0 0 0 2 1 2 0 1 2 2 0 1 1 0 2 0 2 1 2 2 0 2 2 1 1 2 0 2 0 0 0 0 1 0 2 0 0 2 2 0 2 1 0 0 0 0 2 0 0 0 0 0 2 0 0 2 2 1 1 2 0 0 1 1 2 2 0 2 1 2 0 2 1 2 1 0 0 0 1 1 1 2 2 1 0 0 1 0 1 0 1 0 0 0 2 2 1 2 0 0 2 0 0 0 1 0 1 1 1 2 1 0 1 0 0 2 0 2 0 2 2 2 2 1 0 0 0 0 0 2 2 0 0 2 2 2 1 1 2 0 0 1 1 0 1 1 1 0 1 1
781
1 1 2 1 1 2 0 1 0 0 2 1 2 0 0 1 2 2 1 2 2 2 2 2 0 0 2 1 0 1 1 1 2 2 2 1 2 1 1 1 2 0 1 2 0 1 2 0 2 0 1 1 1 2 2 2 0 2 1 0 0 2 0 1 1 0 2 0 2 1 0 2 1 2 1 1 2 1 0 1 2 1 1 2 1 2 0 1 1 0 2 2 2 1 1 0 0 0 2 2 1 2 1 0 1 0 0 2 2 0 1 0 2 0 2 2 1 1 1 0 0 2 0 2 1 2 2 1 2 2 1 0 2 2 0 2 1 2 2 2 0 1 1 0 0 2 0 1 2 1 2 2 0 1 2 0 0 1 0 1 2 0 2 0 0 2 1 1 2 1 1 0 1 1 2 2 1 2 1 1 1 0 1 0 1 1 0 2 0 0 2 0 1 0 0 0 1 1 1 0 2 1 2 1 1 1 1 2 2 1 2 2 2 2 0 2 0 2 1 1 1 1 1 2 2 2 2 2 1 0 2 0 2 1 1 1 0 1 2 2 1 1 2 0 0 2 2 1 1 0 0 0 0 0 1 1 0 1 2 1 1 1 1 2 1 2 0 0 1 2 0 0 1 0 2 1 2 0 2 0 2 2 2 2 1 1 0 2 0 1 1 2 2 0 1 2 2 0 2 2 1 2 0 2 0 1 2 0 1 1 1 1 1 2 1 2 1 1 0 2 2 0 1 1 0 2 0 0 1 0 2 0 1 0 0 1 0 0 2 2 1 2 0 1 2 0 0 1 1 0 1 2 2 1 0 0 1 0 0 0 2 2 2 0 2 0 2 1 0 0 2 0 0 0 1 2 2 0 1 1 2 2 2 0 0 0 2 2 2 2 0 0 1 2 2 1 2 1 1 2 0 2 2 2 2 2 2 1 1 1 2 0 2 0 1 1 2 1 0 1 1 2 1 1 0 1 0 2 2 2 1 1 1 2 1 2 1 1 1 2 0 0 0 2 0 1 1 2 1 1 0 2 2 1 1 1 0 1 1 2 0 2 1 1 1 2 0 2 2 0 0 1 2 1 1 0 2 0 0 0 1 2 2 1 2 0 2 0 1 1 2 2 0 0 2 1 2 1 0 2 0 0 1 2 0 1 0 2 0 1 1 1 0 1 0 1 2 0 1 1 2 2 1 0 1 1 1 2 2 0 0 0 1 1 0 2 1 2 0 0 2 2 2 2 0 2 0 2 1 1 2 1 0 1 2 1 1 1 0 0 1 2 0 0 0 2 0 1 2 1 2 0 0 2 2 0 2 2 1 1 2 0 0 2 2 2 1 2 2 1 0 1 2 2 1 0 2 1 0 0 1 0 1 0 1 2 2 1 0 0 2 0 1 0 2 0 1 0 1 0 1 0 0 2 0 2 0 0 2 2 0 0 0 2 2 2 2 2 2 0 1 1 1 0 2 0 2 0 2 2 0 1 0 0 1 1 1 0 1 1 2 1 1 1 0 0 2 0 0 1 0 1 0 2 1 1 2 1 2 2 1 1 0 0 0 1 1 2 1 2 0 1 2 0 1 1 2 2 2 0 0 0 1 0 0 1 0 1 1 0 1 2 1 1 2 1 0 0 1 2 1 0 1 0 0 1 1 1 1 1 1 0 1 0 0 2 2 1 2 2 0 2 1 0 1 2 2 0 0 2 1 0 1 1 0 2 1 1 2 1 0 0 1 1 0 0 1 1 1 2 1 2 2 1 0 1 0 1 0 0 2
904
0 1 2 2 2 0 2 2 0 2 0 0 1 2 0 2 1 2 0 1 2 0 1 0 1 1 0 2 0 1 2 0 1 1 0 0 1 1 1 2 2 0 1 2 1 2 2 0 0 2 2 0 1 2 1 1 2 2 1 2 0 2 0 2 0 1 1 0 0 0 2 1 0 0 1 2 1 0 2 2 2 1 0 2 0 1 1 0 2 2 1 0 1 2 1 2 1 0 1 1 0 2 0 2 1 0 1 2 2 1 1 1 0 2 1 1 1 1 1 2 2 2 2 1 2 2 2 0 0 1 2 1 1 1 0 2 1 0 0 2 2 2 1 2 1 2 1 0 0 0 1 0 0 2 2 2 2 0 0 1 0 1 1 2 0 2 0 1 1 1 1 0 0 0 2 1 2 2 1 2 1 1 2 0 2 0 1 0 0 2 1 1 0 1 0 2 0 1 2 1 1 2 2 1 2 0 2 1 1 1 1 1 2 0 2 0 0 0 0 1 0 2 2 0 1 1 2 2 2 1 1 0 2 1 0 1 1 2 2 1 1 2 1 2 1 2 2 2 0 1 0 0 2 1 0 1 1 0 2 0 1 2 0 2 0 1 1 0 1 2 1 0 1 1 2 0 0 1 0 0 0 1 0 0 0 2 1 1 0 0 0 2 2 0 2 0 0 0 2 2 0 1 0 2 2 0 0 1 2 2 2 2 0 1 0 0 1 1 1 1 1 2 2 0 0 2 0 0 2 1 2 2 2 0 2 0 0 2 0 2 0 1 2 2 0 2 1 1 1 0 0 1 2 0 2 0 1 2 0 2 2 1 2 0 2 1 2 1 2 0 2 0 2 1 2 0 0 2 0 2 0 1 1 2 0 2 1 2 1 0 1 1 2 0 0 0 2 2 2 0 1 2 0 1 0 2 0 0 2 2 2 2 2 1 1 0 1 2 1 1 1 2 0 2 2 0 2 1 2 2 0 1 2 2 0 2 0 0 2 1 1 2 2 2 1 2 1 0 0 0 2 1 0 0 0 0 1 0 1 2 0 0 1 2 1 1 2 1 0 2 0 1 2 2 2 2 1 1 1 2 0 2 0 2 2 2 2 1 2 1 1 2 1 2 2 0 0 0 1 2 1 2 2 1 2 1 1 2 0 0 0 0 0 0 1 2 0 1 1 2 2 1 1 2 1 1 1 0 0 0 0 2 1 2 0 0 2 1 0 2 0 0 0 0 1 1 0 2 0 1 1 2 0 0 2 0 2 1 2 1 1 0 1 2 2 2 2 1 2 1 1 2 1 1 0 1 1 0 1 2 1 1 2 0 0 0 2 1 0 2 0 1 1 0 1 2 0 2 2 0 2 0 1 1 1 2 2 0 2 2 2 1 1 0 0 1 2 2 0 0 1 1 0 0 1 1 1 0 1 2 2 1 0 2 2 1 2 2 2 2 1 2 0 0 0 0 2 1 2 2 0 1 2 0 0 1 2 1 1 1 2 1 2 2 0 2 1 1 1 2 0 2 1 1 2 1 1 2 2 2 2 0 2 1 2 0 1 1 1 0 2 2 0 2 1 2 2 0 2 1 1 2 0 1 1 1 0 1 2 0 2 1 1 0 2 1 1 2 2 1 1 1 1 0 0 1 0 1 2 1 0 2 0 0 2 2 1 1 2 1 2 0 0 1 0 1 0 0 2 2 1 0 2 1 1 0 2 0 2 0 1 2 1 2 0 1 0 1 1 0 0 2 1 2 1 0 0 1 0 2 0 1 1 2 2 2 2 0 1 0 1 2 1 0 1 1 1 2 0 1 0 0 2 2 0 1 2 2 2 2 2 1 1 0 0 0 1 1 0 1 0 2 2 2 0 2 2 2 1 1 0 1 2 0 2 0 2 0 1 2 1 0 1 0 0 1 2 0 1 0 1 0 1 2 2 0 0 1 0 1 1 0 2 2 0 2 2 0 1 2 1 0 2 2 2 1 0 0 0 2 0 2 0 1 0 1 1 2 2 0 1 0 0 2 1 2 0 1 2 0 1 0 2 2
165
0 2 1 2 1 0 2 0 1 1 1 1 0 1 0 2 1 0 0 2 0 1 2 2 2 0 0 1 2 2 2 2 2 2 1 2 1 0 2 1 0 2 2 0 2 1 2 2 1 0 0 0 2 2 1 1 0 0 2 1 0 2 2 2 1 0 1 1 1 2 1 2 2 0 0 0 0 1 2 1 1 2 0 1 2 2 2 1 1 1 0 1 2 0 0 0 1 1 0 0 2 2 1 1 1 2 2 2 0 2 1 0 0 1 1 2 0 0 1 1 0 1 1 0 2 1 2 0 0 2 1 1 1 2 1 2 1 2 1 0 2 2 0 0 1 2 0 1 2 0 2 2 0 0 0 2 1 1 0 0 2 2 1 2 0
493
0 0 1 2 0 1 1 2 2 2 1 0 2 1 0 0 1 2 0 2 1 0 1 0 2 0 2 0 1 1 1 2 2 0 2 1 1 0 1 2 1 2 0 2 0 1 2 2 1 2 1 2 1 0 0 0 2 2 0 0 2 1 0 1 0 1 0 2 2 0 0 1 1 0 2 2 2 2 0 1 0 1 2 0 0 1 0 1 0 2 0 1 0 2 2 0 2 1 1 1 0 0 2 0 0 2 0 2 2 1 2 1 0 1 1 1 0 2 1 0 1 1 0 0 0 0 1 1 0 0 2 0 0 2 2 0 2 0 1 1 0 1 0 1 0 2 0 2 1 2 2 0 1 2 1 0 1 1 0 2 2 2 0 1 2 0 0 1 2 0 2 2 2 0 0 2 2 1 1 2 1 0 0 1 2 2 2 1 2 2 1 2 1 1 1 0 1 0 2 0 1 2 1 0 0 0 1 1 2 1 1 2 0 1 1 1 0 1 1 2 0 1 2 1 2 2 0 0 0 0 1 0 2 0 0 2 2 1 1 2 2 0 0 1 1 0 1 0 1 0 2 0 2 0 2 0 1 2 2 0 1 2 1 0 1 2 0 1 2 1 1 2 0 1 1 0 2 1 1 0 0 2 2 0 0 1 0 1 0 0 0 0 1 2 2 1 1 1 1 2 2 2 2 0 1 2 0 1 0 2 0 1 2 1 2 0 2 2 1 1 0 1 1 2 0 0 2 0 2 0 0 0 2 2 1 2 2 1 1 1 0 2 2 1 0 0 1 2 1 2 1 0 2 0 0 0 2 2 2 0 2 2 2 1 0 0 1 0 1 2 1 2 2 2 0 0 2 1 2 0 0 2 1 2 0 1 0 2 1 1 1 2 2 0 0 2 2 0 2 1 0 0 2 1 2 2 0 2 1 1 1 2 2 0 1 1 1 2 0 2 1 1 0 1 2 1 0 0 0 0 1 1 1 1 0 2 0 1 2 2 2 1 0 0 2 0 2 2 0 0 2 1 0 2 2 2 2 0 0 1 2 2 1 2 2 2 1 1 0 2 2 1 1 0 2 2 2 1 1 1 0 0 1 0 2 0 1 2 1 2 1 2 1
276
1 2 0 1 2 2 0 0 1 1 2 1 1 2 0 1 2 2 0 2 2 2 1 2 0 1 1 1 1 2 2 0 1 1 2 0 2 1 2 0 1 0 2 2 2 2 2 2 2 1 2 0 2 0 2 2 1 2 1 0 1 0 1 2 1 0 0 2 0 2 2 1 2 2 0 1 0 0 2 1 1 0 1 1 0 1 1 2 0 2 0 0 2 0 0 1 2 1 0 1 2 1 1 0 0 0 1 1 2 1 0 1 0 1 0 1 1 0 2 1 0 0 0 2 0 2 0 2 2 1 2 0 1 0 0 2 0 1 2 0 1 0 1 2 0 0 0 1 0 1 2 1 1 0 0 0 1 1 0 0 2 1 2 2 1 1 0 1 1 1 0 0 1 1 1 0 2 1 2 1 2 0 0 0 1 0 2 0 2 0 2 2 1 2 0 1 0 2 0 0 1 0 1 0 1 0 1 0 1 2 2 1 2 0 1 2 0 2 2 2 0 1 0 0 2 0 1 0 0 2 0 1 0 2 0 0 2 0 0 2 1 1 1 0 2 1 2 0 1 2 1 2 2 2 2 0 2 1 1 0 1 1 1 1 2 1 0 1 1 2 0 2 2 2 0 2
906
2 1 0 1 2 1 1 2 0 2 0 1 1 2 1 0 1 0 1 0 0 1 1 2 0 0 1 1 1 2 0 1 0 1 0 1 0 0 2 2 0 0 1 2 2 2 2 1 1 0 1 2 1 2 1 1 0 0 2 2 1 1 1 1 2 1 0 2 1 2 0 2 0 1 2 1 2 0 1 2 0 0 0 2 0 2 2 0 1 0 2 2 2 1 1 0 1 0 1 1 0 1 2 0 2 2 2 1 2 0 1 2 0 1 0 0 2 2 1 2 0 1 1 1 0 1 2 2 0 2 2 0 1 0 1 1 2 2 0 2 1 0 2 0 2 0 0 1 1 0 1 0 0 2 2 0 2 1 2 1 0 2 0 0 0 1 0 0 2 1 0 2 2 2 0 1 0 1 2 2 1 2 1 0 1 0 2 2 1 0 0 1 1 2 2 0 1 1 0 2 0 1 0 0 1 0 1 0 0 1 0 1 2 1 1 1 0 0 0 2 2 1 1 1 1 0 1 1 0 0 2 0 1 0 2 2 0 1 1 0 0 2 2 2 2 2 0 1 1 1 1 2 1 0 1 1 2 1 2 2 0 2 1 1 1 0 1 1 1 2 2 2 2 1 0 1 1 1 2 2 2 0 1 0 1 0 2 0 0 2 2 2 2 2 1 1 0 2 0 1 0 2 2 1 0 1 2 1 0 0 1 1 0 1 2 0 2 2 1 2 2 2 0 1 0 1 1 2 1 0 2 0 1 1 2 0 2 1 1 1 1 1 1 2 2 1 1 1 0 0 0 0 1 2 1 1 1 1 2 1 1 2 0 2 0 0 1 2 0 1 0 0 2 0 0 2 2 1 0 1 2 2 0 2 0 0 2 0 2 1 0 0 1 1 0 0 1 0 0 1 0 2 0 2 2 2 0 2 2 0 0 0 2 1 1 2 2 2 0 2 1 2 1 0 2 0 1 2 0 0 0 0 2 0 0 0 1 0 2 1 0 2 1 2 2 2 0 0 1 0 0 2 0 1 0 1 0 1 0 1 0 1 0 2 1 0 1 1 2 2 1 1 0 1 2 1 1 0 0 2 2 0 0 1 0 0 2 1 0 0 1 1 1 0 1 2 0 1 2 0 0 1 2 2 1 0 2 0 2 0 2 1 1 0 1 2 1 2 2 1 0 2 2 2 0 0 2 2 1 1 2 1 1 2 2 2 2 1 0 0 1 2 0 1 0 1 0 1 2 0 1 0 2 0 1 1 0 0 0 0 1 1 1 1 1 0 2 1 0 2 0 2 0 0 2 2 0 1 2 1 1 0 1 2 1 2 1 2 2 1 2 2 2 0 2 1 2 0 2 0 1 2 1 1 1 1 2 1 1 0 1 0 2 2 2 0 0 2 0 0 2 1 0 2 1 2 0 1 1 0 0 1 2 1 0 1 0 1 2 2 1 1 0 0 0 2 2 2 2 2 1 1 2 0 0 1 2 0 2 1 2 1 1 0 0 1 2 1 1 0 2 0 2 2 2 2 0 0 2 0 0 1 2 2 2 0 1 2 2 0 1 0 2 1 1 0 1 1 2 0 2 1 0 2 2 1 2 0 2 2 1 1 1 2 1 2 2 1 0 2 0 0 1 2 2 1 2 2 1 2 2 1 0 1 2 0 2 0 0 2 1 0 0 0 2 2 0 0 2 1 1 0 1 2 1 2 0 2 0 0 2 1 2 2 2 1 0 2 0 1 0 2 2 0 2 0 1 1 2 1 0 1 2 0 1 1 2 2 1 1 0 2 2 2 1 1 1 0 0 2 2 2 2 2 1 0 1 0 2 0 2 1 1 0 2 0 0 0 1 0 1 1 0 2 1 0 1 2 1 1 1 0 2 2 2 0 1 0 2 0 2 1 1 1 1 1 0 0 0 0 2 1 2 0 2 2 0 1 0 2 1 1 0 1 1 0 2 1 2 2 1 0 2 1 2 1 0 0 2 2 0 2 1 2 1 0 2 2 1 2 2 0 1 0 2 0 2 2 1 1 0 1 0 1 1 0
199
0 2 2 2 1 2 1 2 1 1 2 2 0 2 2 1 0 2 0 0 2 1 2 2 0 1 0 1 1 2 1 0 2 1 2 0 2 0 2 2 0 1 1 0 1 2 2 2 2 1 0 0 1 0 1 0 0 1 2 2 0 0 0 0 2 2 1 2 0 0 0 2 2 1 0 2 0 1 0 0 2 2 0 1 0 2 0 2 1 1 1 2 0 0 2 0 2 2 2 2 0 2 0 0 1 0 0 0 1 0 1 2 0 0 1 1 1 0 2 1 0 0 2 1 0 2 1 2 1 1 2 2 1 0 2 2 0 0 0 1 2 2 0 0 1 0 1 1 2 1 2 0 2 1 2 0 2 1 0 1 0 1 0 1 1 0 1 2 0 2 2 1 0 2 0 0 2 1 1 1 0 2 0 1 0 0 2 0 2 2 1 0 2 1 1 1 0 0 2
547
2 0 0 0 2 0 2 1 0 0 0 2 1 2 1 2 1 2 1 0 2 0 1 2 2 2 0 1 1 2 1 0 0 2 0 2 0 0 2 2 1 2 2 0 0 2 2 1 0 0 2 0 0 2 2 1 2 0 0 0 1 0 2 2 2 2 0 2 0 2 0 1 2 0 1 2 1 1 2 2 0 0 2 2 1 2 0 2 2 1 2 0 0 1 1 0 1 2 0 2 1 1 2 2 1 2 2 1 0 2 1 2 1 2 0 2 1 2 2 2 1 1 2 2 2 0 2 1 0 1 1 1 2 1 1 0 0 2 0 0 1 0 2 1 0 0 2 2 1 1 0 2 2 0 1 1 0 1 0 2 2 0 0 1 1 2 2 2 0 2 1 0 0 1 0 0 2 0 1 0 1 2 1 2 1 2 2 2 2 2 0 0 1 2 1 1 0 0 2 0 1 2 0 2 0 2 0 1 0 0 1 1 2 2 1 0 1 1 2 2 0 0 1 0 2 2 1 0 2 1 2 1 1 0 0 2 0 0 2 0 0 2 0 0 1 1 2 2 1 2 2 0 2 0 1 2 2 2 0 2 2 1 2 2 2 1 2 2 0 0 2 0 2 2 1 2 1 0 0 1 1 1 1 2 0 0 2 2 0 1 2 1 2 0 2 0 2 0 1 1 1 0 1 1 1 0 2 1 0 0 1 1 0 0 1 0 0 1 0 1 0 2 2 1 0 2 2 1 2 2 1 0 0 2 1 0 2 0 0 0 2 2 0 1 1 1 0 1 0 0 1 0 2 2 2 1 0 1 0 0 0 1 1 1 0 0 1 2 0 2 1 1 2 0 2 1 2 0 2 0 1 2 2 0 1 1 0 2 0 0 2 0 0 0 2 0 2 1 1 0 0 0 2 0 2 2 2 0 2 2 2 1 1 1 1 2 0 0 2 1 0 2 2 0 0 0 0 1 0 2 2 0 0 2 1 2 2 1 0 2 2 2 2 1 0 1 0 1 0 1 2 2 2 2 0 1 1 1 1 2 1 2 2 0 2 0 2 2 2 0 1 1 0 1 1 2 1 1 1 1 2 2 1 2 2 0 2 0 0 0 2 2 0 1 2 0 1 2 1 2 1 2 0 2 1 1 0 1 0 1 0 0 2 1 2 1 1 2 0 1 2 0 1 0 1 0 0 1 2 1 1 0 1 1 1 1 2 2 0 0 2 2 2 0 1 2 1
966
0 0 1 0 2 1 2 1 1 0 2 2 0 0 0 2 0 2 1 0 1 2 1 1 0 0 2 0 2 2 0 0 2 0 2 1 1 0 1 2 0 0 2 0 0 0 1 1 0 1 0 1 0 1 0 1 1 2 1 0 0 2 1 1 1 0 0 2 1 2 2 2 2 1 1 0 2 1 1 2 1 1 0 2 2 2 2 2 0 1 1 0 2 0 2 0 1 2 1 1 0 2 0 2 0 2 0 2 0 0 2 2 1 0 2 0 0 1 1 0 2 0 1 2 2 1 0 2 0 0 0 1 0 2 2 2 2 2 2 0 1 2 1 1 1 2 1 1 2 2 2 1 2 2 2 2 2 1 2 1 2 2 2 0 2 0 1 2 0 1 0 2 2 2 0 2 0 2 2 1 1 2 2 1 2 2 0 2 1 0 0 0 0 1 0 2 1 0 1 1 2 2 2 0 1 1 0 0 0 1 2 1 1 0 1 2 0 2 0 0 0 2 2 1 2 1 2 1 0 2 1 0 2 1 1 2 2 2 1 0 1 2 0 1 0 2 0 1 0 1 1 2 0 2 2 0 2 1 1 1 1 0 2 0 0 0 0 1 0 2 1 2 1 0 1 0 0 0 2 0 1 2 2 1 0 1 1 0 0 2 1 1 1 1 0 0 2 0 1 2 2 2 2 2 1 1 1 1 2 1 2 2 0 1 0 2 1 2 2 2 2 2 2 1 2 1 1 0 2 1 2 0 1 2 1 1 1 0 0 2 1 1 2 2 0 2 1 1 2 2 2 2 2 1 2 1 0 1 1 0 0 2 0 0 1 2 2 0 1 0 2 2 2 1 1 1 1 1 1 1 1 0 2 2 1 1 0 0 2 2 2 2 2 2 0 1 0 2 2 2 0 2 2 1 0 1 0 1 2 0 0 0 1 0 0 0 0 1 2 2 2 1 1 0 1 2 2 1 2 2 0 0 0 0 0 2 1 2 2 2 0 1 0 2 2 0 1 0 2 0 0 0 1 2 1 2 1 1 0 2 0 1 0 1 0 2 2 1 1 1 1 0 2 1 1 0 0 0 2 0 0 0 0 0 0 0 2 0 2 0 1 0 1 1 1 1 2 2 2 1 0 0 0 0 2 2 2 0 2 0 0 1 2 0 0 2 0 1 2 2 1 1 1 2 1 1 1 2 0 1 1 1 2 1 2 2 2 1 2 0 2 2 1 0 2 0 1 0 2 1 0 2 1 1 0 1 0 0 1 0 1 2 2 0 0 0 2 2 2 1 2 1 1 1 0 2 0 0 2 2 2 0 0 2 1 0 0 2 2 0 1 1 2 0 1 0 2 0 2 1 2 1 1 1 0 2 0 2 0 1 2 0 2 1 0 1 2 1 0 2 0 2 1 0 0 1 2 2 1 0 1 0 0 1 0 2 2 1 2 2 0 1 1 2 0 2 0 0 0 2 0 2 2 0 2 1 0 2 2 0 1 0 2 0 1 2 2 2 2 1 1 2 0 2 0 0 0 0 2 1 1 0 1 1 2 1 1 0 0 0 0 0 1 2 2 2 1 0 0 1 1 0 1 0 1 1 2 1 0 0 2 2 1 0 1 0 2 1 1 1 0 1 0 2 2 2 0 1 1 1 2 0 0 0 0 2 2 0 0 1 1 1 2 1 2 2 2 1 0 0 2 0 2 1 2 0 2 2 0 1 2 1 0 1 2 2 0 1 0 2 2 1 0 0 0 1 2 1 1 0 1 0 1 2 0 1 0 1 1 0 1 0 2 0 2 1 2 2 0 1 0 0 2 2 0 2 1 0 1 2 2 2 0 1 0 2 0 1 1 1 2 2 1 2 2 1 0 1 1 1 2 1 1 1 0 0 2 2 0 2 0 2 1 0 0 1 0 0 2 1 2 1 1 0 0 1 2 2 1 2 2 2 2 1 2 1 0 2 1 2 1 2 1 1 1 2 1 1 0 2 1 0 0 1 2 0 0 2 2 0 2 0 2 2 2 1 2 1 0 0 1 1 0 0 0 2 2 0 0 1 2 2 1 1 1 0 2 0 2 1 0 1 0 0 1 0 2 0 1 0 0 1 0 1 2 0 0 2 2 1 2 2 1 1 2 0 2 2 1 2 1 2 1 2 0 0 1 1 2 2 0 0 2 2 2 1
