800
785 785 787 787 788 790 795 796 798 799 800 800 800 1 2 3 4 7 7 8 9 10 10 11 14 14 14 15 16 17 19 20 20 23 27 28 29 29 31 31 32 33
33 34 35 35 36 36 37 37 38 38 38 39 40 41 44 44 44 44 45 46 46 46 47 48 49 50 51
52 53 54 55 57 60 61 61 61 61 61 64 65 65 66 66 68 69 70 71 72 75 75 75 75 76 78
80 84 84 84 86 86 87 87 89 91 93 95 96 96 96 97 99 100 101 101 102 102 102 106
106 107 107 108 108 109 109 109 109 110 110 110 112 113 113 114 115 117 117 117
118 119 120 122 122 122 123 124 124 126 126 128 128 128 131 131 132 132 134 134
136 136 137 137 138 140 140 141 141 142 143 144 144 145 146 147 147 149 149 150
150 151 153 154 155 155 156 156 159 160 160 161 163 163 164 165 166 166 166 167
167 167 168 172 173 173 174 175 176 176 176 177 178 179 180 180 184 186 186 191
194 197 197 198 198 199 201 202 204 206 207 209 210 210 211 211 212 213 215 216
216 216 217 218 218 218 221 221 222 223 223 224 225 225 225 226 226 227 227 227
229 229 230 230 232 232 234 234 236 237 240 240 240 242 242 243 246 248 248 248
250 251 251 253 253 255 256 256 258 260 263 263 264 265 265 265 268 270 270 272
272 274 276 277 278 278 278 279 282 282 283 283 285 286 286 288 288 288 289 289
290 291 291 292 292 293 294 295 297 297 297 298 299 299 300 303 306 307 308 312
312 312 314 314 315 316 317 318 319 321 322 323 325 327 328 328 329 329 330 330
331 331 331 332 333 334 335 338 339 341 341 341 342 342 344 345 348 350 350 351
352 353 356 356 356 357 357 357 359 360 364 366 366 369 371 371 371 374 374 374
375 377 379 381 383 384 384 384 384 386 387 389 392 392 392 393 395 396 398 399
401 402 403 403 404 404 406 407 409 409 409 410 413 413 414 416 416 416 417 418
419 420 422 422 422 425 427 427 428 428 428 429 430 432 432 432 433 434 434 434
434 435 436 439 441 441 442 443 443 444 445 445 446 447 448 450 451 452 454 454
455 455 458 459 460 462 462 463 464 465 465 467 468 469 472 472 472 475 477 479
480 480 484 484 487 488 490 491 492 494 495 496 496 496 500 500 501 501 503 504
504 505 505 507 507 511 511 513 514 515 518 519 519 520 521 521 522 523 525 527
529 529 531 533 533 533 534 534 534 535 535 535 537 538 538 539 540 540 543 543
544 544 546 546 547 547 548 550 550 550 552 553 553 554 554 554 556 556 557 558
559 561 561 562 562 564 565 566 567 567 567 571 571 573 578 578 580 581 581 581
582 583 584 585 588 588 589 591 591 592 592 592 593 595 596 598 599 601 602 602
603 604 604 605 609 610 611 611 612 615 616 616 616 616 617 619 619 622 622 623
626 626 632 632 633 633 633 635 637 638 638 639 641 645 645 646 646 646 647 647
647 647 647 650 651 653 654 655 655 655 655 656 658 660 661 662 663 667 667 668
668 669 669 670 671 671 671 671 672 672 673 673 677 677 680 680 680 682 683 684
685 688 689 691 691 695 697 697 697 699 699 703 703 704 707 707 708 710 710 711
711 713 716 716 717 717 717 717 718 719 719 720 721 722 722 723 724 724 724 725
725 725 726 727 727 727 728 728 728 729 731 733 736 736 737 737 739 740 745 747
747 747 749 749 749 752 753 753 753 754 754 755 756 756 756 758 759 759 761 762
764 764 765 768 768 768 769 772 772 773 775 776 778 778 779 780 782 782 783 785

13