500
976 977 979 980 981 984 987 990 994 996 998 1000 
2 5 6 7 8 9 13 17 20 22 26 30 32 38 39 41 43 45 59 59 68 69 71 74 74 77 81 94
97 101 102 104 108 111 111 112 116 119 120 121 122 124 128 130 132 142 144 146
148 149 152 155 157 160 160 163 166 169 169 172 173 176 179 186 189 189 190 190
192 193 196 197 202 202 206 207 208 210 210 213 214 214 218 220 221 243 243 243
243 244 249 252 256 258 261 262 263 263 266 269 272 272 274 278 279 279 290 290
295 296 299 301 304 307 308 309 317 318 319 319 319 320 320 330 332 333 337 339
340 345 346 346 350 357 359 361 363 364 371 372 378 379 383 385 385 386 389 390
390 391 392 396 398 399 399 402 403 406 406 408 415 417 418 419 420 421 422 424
424 425 428 429 432 434 434 435 439 440 442 446 455 456 459 459 462 463 466 469
470 482 493 501 502 504 506 509 511 518 518 524 525 525 526 529 530 531 534 539
541 542 545 547 550 554 555 560 561 561 566 568 569 571 574 575 577 577 579 579
580 582 583 586 589 591 593 597 601 604 606 608 611 614 616 626 627 630 631 635
641 641 641 641 644 645 646 646 647 648 652 655 657 658 662 663 673 675 676 677
680 684 684 685 685 688 691 694 698 702 703 704 709 710 715 718 719 720 723 723
724 727 727 728 732 732 732 734 735 737 739 742 743 744 750 751 756 756 758 764
765 767 769 780 783 788 793 799 799 800 802 804 811 812 814 816 816 817 819 819
821 824 825 832 836 836 837 839 840 841 849 850 853 856 858 859 866 869 873 874
878 878 886 894 901 902 903 905 907 911 913 913 916 916 919 921 922 923 923 925
929 932 932 933 935 938 941 942 944 945 946 948 960 961 962 962 972 975 976 976

12