50
14
67 19 95 33 100 67 56 76 93 5 87 73 66 81
77
41 45 35 10 87 17 77 68 40 17 42 39 53 67 5 35 48 26 78 42 14 46 82 59 2 84 22 74 100 69 6 66 6 41 55 4 18 7 80 64 52 90 90 32 65 41 28 50 1 12 31 51 77 79 92 56 41 59 72 9 57 2 4 7 57 72 86 26 4 34 72 33 67 34 59 65 9
87
60 59 20 70 57 39 8 93 85 10 75 41 8 88 42 63 80 42 93 22 43 18 63 97 17 89 86 41 83 93 56 65 24 45 48 65 58 92 43 3 78 68 44 51 88 49 81 18 70 26 42 4 81 55 1 37 65 63 81 80 76 23 48 98 65 66 93 38 18 4 29 100 46 18 26 66 17 24 26 12 79 9 8 1 43 10 53
53
79 62 87 43 12 14 56 95 68 88 57 91 27 60 18 96 85 33 37 42 92 12 65 64 24 50 25 21 52 61 41 98 27 26 29 4 77 47 24 87 67 40 58 56 79 38 71 90 19 59 19 7 97
44
23 30 18 81 8 64 22 91 2 27 15 73 98 1 36 55 93 93 72 18 3 31 43 28 82 63 17 39 72 55 14 57 23 39 72 6 16 40 28 58 76 68 17 7
5
24 88 54 82 98
55
49 54 35 77 29 35 41 56 4 84 26 97 38 63 60 81 42 80 61 6 3 68 35 92 41 42 76 36 15 19 29 88 38 75 73 44 53 2 64 14 19 25 4 58 7 77 85 37 36 98 44 67 24 51 94
31
71 32 63 4 50 30 11 83 98 71 51 19 41 80 67 17 16 96 56 13 54 44 13 86 35 66 13 34 76 41 55
64
65 6 87 58 100 10 7 88 25 58 30 7 68 22 11 66 66 60 59 13 60 18 61 1 26 17 7 53 81 28 52 55 23 98 94 100 37 9 59 74 65 39 23 15 53 81 98 75 32 76 14 23 11 13 10 84 89 53 3 23 82 50 78 11
73
52 75 95 12 59 48 56 59 58 62 15 11 39 17 38 13 44 56 92 24 30 4 82 29 47 62 91 43 4 80 93 4 98 55 67 94 81 1 57 78 29 33 46 92 13 28 3 99 64 75 68 45 82 49 29 15 24 24 7 78 73 80 32 39 20 45 1 40 61 100 41 12 55
42
93 80 92 69 48 10 24 40 21 15 53 69 18 91 10 65 37 60 39 29 62 28 71 74 72 74 8 85 82 6 11 81 13 83 85 44 84 96 50 12 81 31
11
60 4 94 60 13 44 56 92 76 69 6
10
3 19 76 84 59 84 42 12 4 51
59
47 16 31 7 97 37 88 98 11 35 53 22 91 16 75 75 72 97 47 74 62 83 40 52 38 39 79 54 82 8 95 46 34 45 95 98 100 16 14 15 38 55 47 57 40 83 16 28 82 7 51 5 72 94 44 33 95 81 77
14
25 21 75 99 37 34 9 99 46 52 8 91 96 81
55
31 2 23 53 45 39 80 21 39 11 80 100 24 68 79 23 90 58 94 52 26 34 8 81 39 14 11 83 8 18 69 86 97 37 55 82 96 13 13 57 11 65 54 86 6 99 66 87 34 68 20 28 82 14 73
95
16 28 4 69 13 6 91 34 11 13 78 53 53 73 31 84 73 20 93 14 88 58 58 61 52 18 60 72 17 11 1 29 29 81 62 85 73 60 57 43 13 42 26 45 73 14 51 86 91 8 19 84 3 99 94 28 7 27 2 31 15 58 25 22 32 76 59 19 28 18 88 21 92 35 35 50 4 94 86 81 39 11 1 82 43 46 14 37 53 32 19 58 54 41 18
20
40 1 57 9 9 55 27 96 64 53 53 62 27 13 54 84 40 41 74 46
53
36 68 82 86 60 94 90 90 6 100 10 75 82 51 12 74 99 15 42 10 85 11 51 31 11 49 66 20 35 12 1 96 17 76 13 51 29 68 22 65 29 38 96 63 51 25 18 45 93 7 96 15 97
89
8 69 68 85 96 57 46 77 66 91 34 45 3 80 26 83 55 22 39 74 55 53 8 99 42 49 24 46 82 74 68 57 90 73 33 49 78 8 34 81 78 85 62 92 55 83 6 25 55 56 84 76 70 9 78 75 88 19 5 45 80 52 100 55 2 32 61 20 90 70 19 23 27 90 24 77 81 40 83 8 51 89 67 42 67 25 55 81 31
67
61 29 14 64 44 87 39 76 64 93 78 32 20 29 33 20 41 21 62 86 88 61 40 27 97 64 47 55 43 99 17 76 52 96 54 36 35 6 3 87 27 52 48 54 39 8 56 2 17 96 72 46 34 52 82 69 28 84 64 72 61 58 26 43 75 33 34
47
11 21 92 93 7 5 14 46 35 68 62 90 25 71 100 83 50 14 86 36 96 63 35 19 32 21 96 16 96 64 91 46 72 76 60 60 20 39 7 84 33 31 60 54 1 18 24
74
28 73 25 20 62 95 55 80 62 33 26 98 8 66 98 74 49 24 17 40 28 1 94 75 71 90 33 59 2 83 93 25 68 99 62 11 61 86 75 2 4 44 5 35 32 95 50 82 3 61 84 15 29 97 63 34 96 6 98 87 73 19 40 47 47 76 19 54 1 38 18 75 84 94
72
73 37 15 97 77 93 94 36 7 98 77 95 69 14 90 37 65 75 40 61 93 76 61 54 41 58 28 7 12 12 58 11 70 67 92 12 24 11 84 77 17 82 6 40 75 31 34 4 9 25 70 40 64 60 37 56 25 34 45 84 43 99 57 100 90 88 39 26 14 37 91 89
48
41 13 52 78 65 8 16 79 83 33 72 2 27 65 3 77 9 99 2 7 77 59 55 70 43 69 40 41 17 84 41 37 39 95 16 1 37 24 99 68 92 30 83 94 31 63 85 36
80
6 32 49 53 48 28 48 77 77 81 37 77 44 93 40 84 55 44 18 20 96 79 44 42 12 78 48 76 33 50 57 62 77 59 12 69 47 11 72 85 58 26 34 53 79 72 48 67 67 87 59 24 85 98 49 67 20 18 74 67 61 40 73 38 100 33 7 97 31 95 62 51 59 29 97 17 18 99 93 92
34
41 85 22 23 14 78 28 80 64 3 44 58 73 3 73 19 82 81 81 8 7 83 11 18 56 11 100 57 82 52 11 60 68 41
45
32 50 84 85 21 21 15 70 91 80 67 83 77 8 37 30 39 67 22 50 27 76 11 90 23 56 93 38 59 57 98 7 94 52 52 49 30 63 73 14 93 21 31 26 26
71
71 81 65 46 93 12 12 89 47 7 66 17 7 30 51 48 3 16 83 19 97 80 32 83 15 41 84 8 60 97 35 3 39 55 79 49 21 100 28 56 58 29 27 7 19 80 95 71 57 78 85 51 28 76 70 79 93 25 86 77 67 95 46 26 82 16 58 76 71 84 7
69
39 64 68 23 25 22 47 62 17 45 12 8 51 53 26 73 32 34 82 57 71 82 26 56 32 13 97 89 80 62 62 14 23 53 60 77 99 51 63 37 14 2 29 61 25 33 86 94 68 55 80 47 42 61 9 52 7 99 91 15 93 31 80 43 82 64 55 80 24
71
50 9 74 63 19 21 37 93 51 88 28 43 74 70 65 7 68 75 73 63 15 3 53 65 84 79 98 66 80 44 4 31 74 44 91 43 3 19 12 13 11 6 95 3 11 97 24 23 89 24 66 35 12 42 29 83 12 63 80 77 27 12 53 28 27 82 37 85 79 3 47
37
10 78 26 65 88 92 82 72 73 32 60 45 32 54 55 31 59 2 82 24 73 17 46 2 84 26 25 68 85 83 58 98 55 82 70 22 68
60
14 4 50 68 35 99 70 26 61 35 4 55 67 56 63 53 48 90 56 88 89 31 72 23 87 95 14 44 53 22 100 62 68 35 9 8 63 17 48 40 26 99 76 94 14 98 49 22 36 82 38 36 95 63 70 40 29 54 100 70
55
50 62 40 47 8 37 60 76 39 24 18 20 100 97 14 50 97 32 100 94 79 41 41 31 91 40 89 81 88 98 3 33 62 59 16 41 83 34 80 21 98 78 49 10 45 36 80 5 19 19 86 53 81 31 61
19
93 39 5 53 47 88 68 28 83 88 25 70 7 58 65 92 41 59 99
93
82 13 29 91 92 59 60 75 21 33 27 44 41 73 96 74 69 84 83 59 3 44 11 47 38 37 65 87 42 65 77 77 48 44 70 59 95 5 17 38 17 26 6 18 28 10 30 3 29 14 39 35 10 91 22 64 8 96 86 3 70 67 90 82 48 95 100 7 37 64 77 53 80 36 73 43 33 9 50 53 82 75 80 35 36 78 99 41 32 24 52 60 67
89
73 79 87 2 95 20 18 92 50 69 72 72 5 92 60 52 70 58 96 4 27 43 25 30 92 46 47 53 50 41 16 75 43 42 55 84 73 84 15 18 81 24 40 76 35 90 38 41 78 12 66 23 59 18 46 15 24 41 90 7 9 30 17 100 38 76 37 9 15 29 99 36 64 61 14 41 2 1 18 6 63 77 19 46 61 27 27 87 98
36
89 92 71 75 54 38 81 95 34 15 70 79 40 41 96 22 70 69 44 10 70 45 36 89 47 20 69 70 17 3 88 85 39 2 38 30
37
51 73 52 2 5 29 88 49 81 87 12 58 54 87 72 17 14 73 17 49 68 61 52 88 10 41 27 47 35 84 41 67 74 83 13 27 56
92
8 21 62 87 31 55 66 86 87 91 10 86 100 23 30 77 34 25 71 80 28 33 46 86 12 86 35 100 76 94 5 18 18 47 48 20 45 60 7 10 51 71 3 27 30 28 42 69 41 66 88 22 16 29 59 70 84 100 8 11 77 10 24 93 96 95 46 59 43 87 66 15 16 88 62 25 22 63 16 33 51 23 80 83 52 7 50 2 50 38 48 45
53
21 66 48 35 77 29 36 49 92 42 2 69 35 8 83 77 99 21 92 15 10 81 3 67 12 35 82 12 39 4 84 93 36 63 69 32 80 55 45 31 77 9 49 41 62 73 38 50 64 90 96 15 24
90
28 8 73 81 61 14 70 61 13 94 68 28 19 89 73 68 97 88 89 49 55 74 81 9 52 12 1 7 98 9 33 54 14 3 27 21 24 4 96 76 73 87 58 99 22 56 8 62 79 91 38 23 18 36 27 51 62 93 77 68 94 50 35 19 63 61 55 53 49 30 63 10 84 76 94 76 17 59 58 72 19 19 66 8 5 36 28 93 41 28
79
98 12 43 50 63 18 96 27 21 53 97 24 72 75 75 47 22 48 36 2 43 70 58 97 87 82 49 93 12 17 45 2 50 39 17 2 38 44 81 55 1 94 68 88 60 44 39 94 47 22 66 60 31 34 100 90 13 21 15 29 46 40 54 98 66 88 81 87 90 55 85 75 23 27 43 12 64 100 58
9
50 52 29 70 72 40 15 92 33
79
29 15 5 57 3 78 67 26 25 31 93 20 75 20 68 94 81 86 73 10 94 51 95 4 42 74 36 100 2 6 9 97 81 37 79 15 66 77 81 26 85 13 59 18 40 66 79 65 63 3 29 51 98 49 76 78 86 42 98 44 38 37 100 26 98 93 10 81 40 62 84 37 60 53 32 74 87 42 34
45
79 57 73 83 76 46 49 15 14 31 85 76 84 8 13 14 16 65 65 56 9 77 95 46 20 6 3 53 9 56 66 31 48 62 44 54 92 29 92 13 90 44 89 16 57
64
94 93 84 89 8 12 17 71 3 30 42 79 99 12 40 52 49 3 82 44 4 80 58 4 63 43 1 23 72 9 16 55 58 30 36 99 87 7 97 99 74 91 36 83 67 70 36 47 94 20 48 98 10 93 59 19 44 37 88 12 47 28 50 63
92
21 46 62 77 97 87 19 30 78 39 14 53 79 5 34 99 56 55 72 35 97 17 72 70 20 77 18 48 24 75 12 59 97 24 13 63 72 41 100 59 88 73 79 41 86 25 78 25 32 26 13 21 34 33 79 86 81 59 29 51 40 51 84 90 43 100 95 33 39 37 68 2 59 48 90 7 86 40 4 98 69 57 46 16 18 56 48 65 62 89 95 94
61
62 95 72 38 8 30 55 53 88 15 16 94 32 65 47 5 27 27 84 4 47 37 67 96 70 20 42 32 40 11 9 73 10 40 26 58 32 91 57 84 41 9 16 63 77 28 51 19 64 37 42 98 84 56 3 40 16 17 29 76 99
23
53 27 9 63 47 67 23 37 49 61 85 43 36 66 87 42 11 4 49 77 52 64 39
