91
44 79
21 49
32 50
17 68
38 51
8 57
19 37
14 69
14 29
59 69
26 35
23 49
23 76
23 30
68 79
38 78
7 61
31 73
10 13
19 38
2 22
15 59
20 28
23 23
16 66
3 42
22 25
11 18
15 22
16 21
53 57
63 73
9 42
15 21
8 26
34 48
9 48
27 29
24 51
51 66
10 28
28 31
13 27
24 48
2 39
43 58
12 66
17 74
31 53
53 69
23 38
21 47
22 71
17 50
21 45
3 55
6 49
50 60
4 72
19 49
17 36
3 27
43 47
74 76
48 66
7 23
18 63
28 54
40 77
59 70
48 72
9 16
28 44
20 66
5 47
64 68
15 70
37 41
8 38
31 31
53 78
37 61
39 71
6 11
36 55
28 39
23 77
25 44
30 66
8 20
9 62