101
8 8
36 57
38 41
25 31
7 45
14 47
7 26
1 28
11 21
38 57
32 49
15 42
6 14
5 52
1 23
39 46
8 38
40 45
13 37
24 29
20 34
4 53
54 56
9 31
31 33
5 8
38 46
38 43
18 42
40 54
35 42
9 28
10 31
10 53
38 40
16 49
4 16
14 35
9 16
38 48
42 55
14 51
30 51
36 47
32 51
45 52
25 31
3 55
14 56
23 37
31 54
11 12
34 46
42 49
13 22
26 55
7 12
19 52
21 54
31 42
45 45
12 25
19 43
17 26
48 56
12 52
37 39
13 23
7 27
20 39
28 34
7 50
4 25
24 45
37 45
13 24
32 53
9 36
4 38
37 42
10 53
47 47
28 34
18 19
34 38
21 57
14 22
13 17
5 16
42 56
19 28
8 10
2 23
4 18
2 5
31 56
4 14
6 20
32 37
24 25
33 40