97
24 26
5 21
10 13
10 26
8 27
21 21
3 10
4 17
15 26
9 13
6 27
20 24
7 9
6 16
6 11
4 21
19 25
3 8
17 18
13 16
17 25
21 27
24 26
12 27
5 19
3 25
24 28
3 10
10 21
20 26
4 24
1 22
8 21
10 25
9 25
5 10
2 25
3 7
9 14
2 25
4 10
11 28
4 10
14 14
5 25
1 11
12 28
4 6
2 3
11 14
22 23
3 15
2 8
21 28
15 22
2 8
4 18
1 25
5 26
2 10
14 20
14 26
15 19
1 2
14 21
24 26
11 20
11 12
4 24
22 22
1 26
1 23
2 8
9 19
17 18
3 20
5 21
20 28
23 28
21 27
16 26
1 9
10 20
17 24
8 17
5 22
1 2
15 17
8 25
5 24
8 26
2 10
9 12
19 21
13 21
1 2
9 13
